Number 	Class 	Size 	NVar    	Coverage 	Significance 	Unusualness 	Accuracy 	Support  	CSupport  	FSupport 	FConfidence 	CConfidence
000   	000	-	2.000000	0.333333	178.281631	0.099923	0.998270	0.476033	0.333333	0.333333	1.000000	1.000000
001   	000	-	2.000000	0.333333	178.281631	0.099923	0.998270	0.476033	0.333333	0.333333	1.000000	1.000000
002   	000	-	2.000000	0.250000	17.704567	0.033275	0.831797	0.297521	0.208333	0.208333	0.833333	0.833333
003   	000	-	2.000000	0.333333	8.310399	0.027006	0.780277	0.371901	0.260417	0.260417	0.781250	0.781250
004   	000	-	6.000000	0.002315	1.238067	0.000694	0.833333	0.003306	0.002315	0.002315	1.000000	1.000000
005   	000	-	2.000000	0.250000	17.704567	0.033275	0.831797	0.297521	0.208333	0.208333	0.833333	0.833333
006   	000	-	2.000000	0.333333	0.455826	-0.006559	0.679931	0.323967	0.226852	0.226852	0.680556	0.680556
007   	001	-	2.000000	0.333333	52.196526	0.073110	0.519031	0.577220	0.173032	0.173032	0.519097	0.519097
-    	- 	008	2.500000	0.271123	56.771648	0.045081	0.809088	0.352938	0.873264	0.218244	0.830946	0.830946
