<?xml version="1.0" encoding="UTF-8"?>
<values>
Support	antecedent_support	consequent_support	Confidence	Lift	Conv	CF	NetConf	YulesQ	nAttributes
0.59	0.6	0.69	1.0	1.45	42.0	0.98	0.75	1.0	2
0.64	0.66	0.69	0.98	1.42	12.59	0.93	0.83	1.0	2
0.56	0.6	0.62	0.95	1.55	6.82	0.86	0.82	0.99	2
0.58	0.6	0.66	0.98	1.51	15.71	0.94	0.81	1.0	2
0.09	0.1	0.14	0.83	6.1	4.84	0.8	0.77	0.98	2
0.08	0.09	0.1	0.83	8.44	5.24	0.81	0.8	0.99	2
0.6	0.62	0.66	0.98	1.5	12.19	0.92	0.83	1.0	2
0.23	0.24	0.35	0.97	2.77	21.07	0.96	0.82	0.99	2
0.6	0.62	0.67	0.98	1.47	15.37	0.94	0.8	1.0	2
0.65	0.66	0.75	1.0	1.34	37.93	0.98	0.72	1.0	2
0.15	0.15	0.35	0.99	2.83	63.06	0.99	0.75	1.0	2
0.11	0.14	0.15	0.8	5.37	4.13	0.76	0.75	0.98	2
0.08	0.09	0.15	0.88	5.95	7.07	0.86	0.8	0.98	2
0.01	0.01	0.04	0.5	13.67	1.93	0.49	0.47	0.94	2
0.02	0.05	0.03	0.23	11.02	1.27	0.21	0.22	0.93	2
0.62	0.62	0.74	1.0	1.37	Infinity	1.0	0.7	1.0	2
0.13	0.14	0.18	0.9	5.08	7.59	0.87	0.83	0.99	2
0.09	0.1	0.15	0.87	5.83	6.16	0.84	0.79	0.98	2
0.15	0.18	0.18	0.83	4.72	4.79	0.8	0.8	0.99	2
0.26	0.27	0.35	0.97	2.75	17.0	0.95	0.84	0.99	2
0.01	0.01	0.03	0.5	24.4	1.96	0.49	0.49	0.97	2
0.26	0.35	0.26	0.72	2.81	2.66	0.63	0.72	1.0	2
0.16	0.2	0.26	0.83	3.22	4.21	0.77	0.71	0.95	2
0.55	0.55	0.66	0.99	1.53	32.64	0.97	0.75	1.0	2
0.25	0.25	0.35	0.97	2.76	18.42	0.95	0.82	0.99	2
0.5	0.51	0.62	0.98	1.6	14.92	0.94	0.74	0.99	2
0.48	0.51	0.55	0.94	1.72	7.14	0.86	0.8	0.98	2
0.13	0.13	0.35	1.0	2.86	Infinity	1.0	0.74	1.0	2
0.08	0.09	0.11	0.85	7.91	5.76	0.83	0.81	0.99	2
0.02	0.05	0.05	0.39	9.33	1.56	0.36	0.36	0.93	2
0.21	0.21	0.35	0.98	2.8	30.56	0.97	0.8	1.0	2
0.55	0.57	0.62	0.96	1.57	9.39	0.9	0.8	0.99	3
0.59	0.62	0.62	0.95	1.55	6.81	0.86	0.87	0.99	3
0.56	0.58	0.62	0.96	1.56	8.52	0.89	0.82	0.99	3
0.56	0.58	0.62	0.96	1.56	8.52	0.89	0.82	0.99	3
0.55	0.57	0.62	0.96	1.57	9.39	0.9	0.8	0.99	3
0.05	0.06	0.09	0.82	9.55	4.84	0.8	0.77	0.98	3
0.55	0.57	0.62	0.96	1.57	9.39	0.9	0.8	0.99	3
0.53	0.54	0.62	0.98	1.59	12.95	0.93	0.78	0.99	3
0.02	0.02	0.09	0.92	11.39	11.04	0.91	0.86	0.99	3
0.01	0.01	0.09	1.0	12.42	Infinity	1.0	0.93	1.0	3
0.01	0.01	0.02	0.67	50.6	2.97	0.67	0.66	0.99	3
0.11	0.15	0.14	0.73	5.4	3.18	0.69	0.7	0.98	3
0.05	0.06	0.1	0.9	9.1	8.35	0.89	0.84	0.99	3
0.03	0.03	0.09	0.89	10.4	7.78	0.88	0.82	0.99	3
0.04	0.04	0.09	0.89	10.37	7.63	0.87	0.83	0.99	3
0.01	0.01	0.03	1.0	48.79	Infinity	1.0	0.99	1.0	3
0.02	0.03	0.04	0.58	17.75	2.26	0.56	0.56	0.97	3
0.02	0.02	0.05	0.62	13.56	2.49	0.6	0.59	0.96	3
0.18	0.19	0.35	0.99	2.82	39.98	0.98	0.78	1.0	3
0.56	0.56	0.66	1.0	1.54	Infinity	1.0	0.79	1.0	3
0.02	0.03	0.03	0.5	24.4	1.96	0.49	0.49	0.98	3
0.6	0.6	0.66	1.0	1.54	71.39	0.99	0.86	1.0	3
0.57	0.57	0.66	1.0	1.54	135.08	1.0	0.8	1.0	3
0.05	0.06	0.09	0.83	9.76	5.34	0.82	0.79	0.99	3
0.16	0.19	0.26	0.87	3.37	5.43	0.82	0.75	0.96	3
0.4	0.44	0.51	0.91	1.79	5.08	0.81	0.71	0.95	3
0.47	0.5	0.55	0.95	1.73	8.08	0.88	0.79	0.98	3
0.49	0.5	0.62	0.98	1.61	18.74	0.95	0.73	0.99	3
0.02	0.04	0.03	0.45	15.03	1.74	0.43	0.43	0.97	3
0.06	0.07	0.1	0.86	8.74	6.32	0.85	0.81	0.99	3
0.01	0.01	0.03	1.0	48.79	Infinity	1.0	0.99	1.0	3
0.63	0.63	0.75	1.0	1.35	Infinity	1.0	0.68	1.0	3
0.63	0.63	0.69	1.0	1.45	132.55	1.0	0.82	1.0	3
0.01	0.01	0.01	1.0	227.67	Infinity	1.0	1.0	1.0	3
0.01	0.01	0.04	1.0	32.53	Infinity	1.0	0.98	1.0	4
0.54	0.55	0.62	0.97	1.58	11.2	0.92	0.79	0.99	4
0.55	0.57	0.62	0.97	1.58	10.65	0.91	0.81	0.99	4
0.55	0.58	0.62	0.97	1.58	10.09	0.91	0.82	0.99	4
0.02	0.02	0.09	1.0	12.42	Infinity	1.0	0.93	1.0	4
0.01	0.01	0.02	1.0	75.89	Infinity	1.0	0.99	1.0	4
0.02	0.02	0.09	1.0	12.42	Infinity	1.0	0.93	1.0	4
0.02	0.02	0.09	1.0	12.42	Infinity	1.0	0.94	1.0	4
0.58	0.61	0.62	0.96	1.56	8.38	0.89	0.86	0.99	4
0.03	0.03	0.09	1.0	11.78	Infinity	1.0	0.94	1.0	4
0.01	0.02	0.04	0.75	23.29	3.88	0.75	0.73	0.99	4
0.01	0.02	0.03	0.63	30.5	2.62	0.62	0.62	0.99	4
0.01	0.02	0.04	0.75	23.29	3.88	0.75	0.73	0.99	4
0.02	0.02	0.04	0.7	21.74	3.23	0.7	0.68	0.99	4
0.04	0.05	0.1	0.97	9.83	25.26	0.97	0.91	1.0	4
0.57	0.57	0.66	1.0	1.54	Infinity	1.0	0.81	1.0	4
0.01	0.02	0.03	0.63	30.5	2.62	0.62	0.62	0.99	4
0.59	0.59	0.66	1.0	1.54	Infinity	1.0	0.86	1.0	4
0.01	0.02	0.03	0.6	29.28	2.45	0.6	0.59	0.99	4
0.59	0.62	0.62	0.95	1.56	7.75	0.88	0.88	1.0	4
0.61	0.61	0.66	1.0	1.53	48.53	0.98	0.88	1.0	4
0.52	0.53	0.62	0.98	1.6	15.44	0.94	0.77	0.99	4
0.04	0.04	0.09	0.93	10.88	11.9	0.92	0.88	1.0	4
0.03	0.03	0.09	0.95	11.16	17.39	0.95	0.89	1.0	4
0.39	0.43	0.51	0.91	1.79	5.17	0.81	0.7	0.95	4
0.46	0.52	0.51	0.88	1.73	3.97	0.75	0.77	0.97	4
0.47	0.54	0.51	0.88	1.73	3.97	0.75	0.79	0.98	4
0.45	0.45	0.62	0.99	1.61	19.86	0.95	0.67	0.99	5
0.55	0.57	0.62	0.97	1.58	10.7	0.91	0.81	0.99	5
0.5	0.51	0.62	0.98	1.6	16.88	0.95	0.75	0.99	5
0.54	0.56	0.62	0.97	1.59	12.26	0.92	0.81	0.99	5
0.01	0.01	0.04	0.84	25.88	5.81	0.83	0.81	0.99	5
0.58	0.6	0.62	0.96	1.57	8.82	0.89	0.86	0.99	5
0.46	0.53	0.51	0.88	1.74	4.0	0.75	0.78	0.97	5
0.57	0.59	0.62	0.96	1.57	9.16	0.9	0.84	0.99	5
0.53	0.55	0.62	0.98	1.59	13.13	0.93	0.79	0.99	6
0.6	0.61	0.66	1.0	1.54	71.91	0.99	0.87	1.0	6
0.56	0.59	0.62	0.96	1.57	9.63	0.9	0.84	0.99	6
0.46	0.46	0.62	0.99	1.61	20.31	0.96	0.69	0.99	7
</values>
