Number 	Class 	Size 	NVar    	Coverage 	Significance 	Unusualness 	Accuracy 	Support  	CSupport  	FSupport 	FConfidence 	CConfidence
000   	000	-	2.000000	0.436326	2.251020	0.022819	0.704762	0.471246	0.307933	0.307933	0.705742	0.705742
001   	000	-	5.000000	0.019833	7.022064	0.006873	0.952381	0.030351	0.019833	0.019833	1.000000	1.000000
002   	000	-	4.000000	0.081420	28.827421	0.028216	0.987500	0.124601	0.081420	0.081420	1.000000	1.000000
003   	000	-	2.000000	0.436326	2.251020	0.022819	0.704762	0.471246	0.307933	0.307933	0.705742	0.705742
004   	000	-	2.000000	0.436326	2.251020	0.022819	0.704762	0.471246	0.307933	0.307933	0.705742	0.705742
005   	000	-	4.000000	0.081420	28.827421	0.028216	0.987500	0.124601	0.081420	0.081420	1.000000	1.000000
006   	001	-	4.000000	0.037578	33.136375	0.024555	0.973684	0.108434	0.037578	0.037578	1.000000	1.000000
007   	001	-	4.000000	0.037578	33.136375	0.024555	0.973684	0.108434	0.037578	0.037578	1.000000	1.000000
-    	- 	008	3.375000	0.195851	17.212839	0.022609	0.873629	0.238770	0.728601	0.147704	0.889653	0.889653
