Number 	Class 	Size 	NVar    	Coverage 	Significance 	Unusualness 	Accuracy 	Support  	CSupport  	FSupport 	FConfidence 	CConfidence
000   	000	-	2.000000	0.837500	0.805376	0.048594	0.884058	1.000000	0.750000	0.679651	0.888973	0.895522
001   	000	-	3.000000	0.787500	1.655666	0.065469	0.907692	0.985075	0.725000	0.615936	0.904283	0.920635
002   	000	-	3.000000	0.562500	6.931365	0.091406	0.978723	0.686567	0.562500	0.466883	0.987298	1.000000
003   	000	-	4.000000	0.587500	4.460213	0.082969	0.959184	0.746269	0.575000	0.486024	0.955065	0.978723
004   	000	-	4.000000	0.662500	2.422884	0.070156	0.927273	0.835821	0.625000	0.530542	0.928436	0.943396
005   	000	-	5.000000	0.637500	3.375256	0.078594	0.943396	0.805970	0.612500	0.520292	0.943757	0.960784
006   	000	-	4.000000	0.737500	2.080678	0.069844	0.918033	0.925373	0.687500	0.587828	0.916488	0.932203
007   	000	-	4.000000	0.600000	4.595758	0.085000	0.960000	0.716418	0.587500	0.498052	0.964780	0.979167
-    	- 	008	3.625000	0.676562	3.290900	0.074004	0.934795	0.837687	0.787500	0.548151	0.936135	0.951304
