Number 	Class 	Size 	NVar    	Coverage 	Significance 	Unusualness 	Accuracy 	Support  	CSupport  	FSupport 	FConfidence 	CConfidence
000   	000	-	4.000000	0.081420	28.827421	0.028216	0.987500	0.124601	0.081420	0.081420	1.000000	1.000000
001   	000	-	2.000000	0.436326	2.251020	0.022819	0.704762	0.471246	0.307933	0.307933	0.705742	0.705742
002   	000	-	4.000000	0.081420	28.827421	0.028216	0.987500	0.124601	0.081420	0.081420	1.000000	1.000000
003   	001	-	4.000000	0.037578	33.136375	0.024555	0.973684	0.108434	0.037578	0.037578	1.000000	1.000000
004   	001	-	4.000000	0.052192	46.022743	0.034105	0.980769	0.150602	0.052192	0.052192	1.000000	1.000000
005   	001	-	4.000000	0.037578	33.136375	0.024555	0.973684	0.108434	0.037578	0.037578	1.000000	1.000000
006   	001	-	4.000000	0.052192	46.022743	0.034105	0.980769	0.150602	0.052192	0.052192	1.000000	1.000000
007   	001	-	4.000000	0.037578	33.136375	0.024555	0.973684	0.108434	0.037578	0.037578	1.000000	1.000000
-    	- 	008	3.750000	0.102036	31.420059	0.027641	0.945294	0.168369	0.661795	0.085986	0.963218	0.963218
