<?xml version="1.0" encoding="UTF-8"?>
<values>
Support	antecedent_support	consequent_support	Confidence	Lift	Conv	CF	NetConf	YulesQ	nAttributes
0.01	0.01	0.01	1.0	178.0	Infinity	1.0	1.0	1.0	2
0.03	0.04	0.11	0.84	8.25	5.4	0.82	0.76	0.97	2
0.01	0.01	0.01	1.0	178.0	Infinity	1.0	1.0	1.0	2
0.01	0.01	0.01	1.0	178.0	Infinity	1.0	1.0	1.0	2
0.01	0.01	0.01	1.0	178.0	Infinity	1.0	1.0	1.0	2
0.01	0.01	0.01	1.0	178.0	Infinity	1.0	1.0	1.0	2
0.01	0.01	0.01	1.0	178.0	Infinity	1.0	1.0	1.0	2
0.01	0.01	0.01	1.0	178.0	Infinity	1.0	1.0	1.0	2
0.11	0.13	0.17	0.87	5.31	6.14	0.84	0.8	0.98	2
0.01	0.01	0.01	1.0	178.0	Infinity	1.0	1.0	1.0	2
0.02	0.02	0.08	1.0	13.7	Infinity	1.0	0.95	1.0	2
0.15	0.15	0.27	1.0	3.71	Infinity	1.0	0.86	1.0	2
0.01	0.01	0.01	1.0	178.0	Infinity	1.0	1.0	1.0	2
0.01	0.01	0.01	1.0	178.0	Infinity	1.0	1.0	1.0	2
0.01	0.01	0.01	1.0	178.0	Infinity	1.0	1.0	1.0	2
0.01	0.01	0.01	1.0	178.0	Infinity	1.0	1.0	1.0	2
0.01	0.01	0.01	1.0	178.0	Infinity	1.0	1.0	1.0	2
0.01	0.01	0.01	1.0	178.0	Infinity	1.0	1.0	1.0	2
0.01	0.01	0.01	1.0	178.0	Infinity	1.0	1.0	1.0	2
0.01	0.01	0.01	1.0	178.0	Infinity	1.0	1.0	1.0	2
0.01	0.01	0.01	1.0	178.0	Infinity	1.0	1.0	1.0	2
0.01	0.01	0.01	1.0	178.0	Infinity	1.0	1.0	1.0	2
0.01	0.01	0.01	1.0	178.0	Infinity	1.0	1.0	1.0	2
0.01	0.01	0.01	1.0	178.0	Infinity	1.0	1.0	1.0	2
0.01	0.01	0.01	1.0	178.0	Infinity	1.0	1.0	1.0	2
0.01	0.01	0.01	1.0	178.0	Infinity	1.0	1.0	1.0	2
0.01	0.01	0.01	1.0	178.0	Infinity	1.0	1.0	1.0	2
0.01	0.01	0.01	1.0	178.0	Infinity	1.0	1.0	1.0	2
0.13	0.18	0.16	0.75	4.9	3.29	0.7	0.72	0.99	2
0.21	0.21	0.27	0.98	3.61	27.03	0.97	0.89	1.0	2
0.06	0.06	0.14	0.91	6.68	8.66	0.89	0.82	0.98	2
0.01	0.01	0.01	1.0	178.0	Infinity	1.0	1.0	1.0	2
0.07	0.08	0.14	0.86	6.36	6.06	0.84	0.79	0.98	2
0.01	0.01	0.01	1.0	178.0	Infinity	1.0	1.0	1.0	2
0.01	0.01	0.01	1.0	178.0	Infinity	1.0	1.0	1.0	2
0.01	0.01	0.01	1.0	178.0	Infinity	1.0	1.0	1.0	2
0.01	0.01	0.01	1.0	178.0	Infinity	1.0	1.0	1.0	2
0.01	0.01	0.01	1.0	178.0	Infinity	1.0	1.0	1.0	2
0.01	0.01	0.01	1.0	178.0	Infinity	1.0	1.0	1.0	2
0.01	0.01	0.01	1.0	178.0	Infinity	1.0	1.0	1.0	2
0.01	0.01	0.01	1.0	178.0	Infinity	1.0	1.0	1.0	2
0.01	0.01	0.01	1.0	178.0	Infinity	1.0	1.0	1.0	2
0.01	0.01	0.01	1.0	178.0	Infinity	1.0	1.0	1.0	2
0.01	0.01	0.01	1.0	178.0	Infinity	1.0	1.0	1.0	2
0.01	0.01	0.01	1.0	178.0	Infinity	1.0	1.0	1.0	2
0.01	0.01	0.01	1.0	178.0	Infinity	1.0	1.0	1.0	2
0.01	0.01	0.01	1.0	178.0	Infinity	1.0	1.0	1.0	2
0.02	0.02	0.02	1.0	89.0	Infinity	1.0	1.0	1.0	2
0.01	0.01	0.01	1.0	178.0	Infinity	1.0	1.0	1.0	2
0.01	0.01	0.01	1.0	178.0	Infinity	1.0	1.0	1.0	2
0.01	0.01	0.01	1.0	178.0	Infinity	1.0	1.0	1.0	2
0.03	0.04	0.04	0.67	19.78	2.9	0.66	0.66	0.99	2
0.01	0.01	0.01	1.0	178.0	Infinity	1.0	1.0	1.0	2
0.01	0.01	0.01	1.0	178.0	Infinity	1.0	1.0	1.0	2
0.01	0.01	0.01	1.0	178.0	Infinity	1.0	1.0	1.0	2
0.01	0.01	0.01	1.0	178.0	Infinity	1.0	1.0	1.0	2
0.01	0.01	0.01	1.0	178.0	Infinity	1.0	1.0	1.0	2
0.01	0.01	0.01	1.0	178.0	Infinity	1.0	1.0	1.0	2
0.01	0.01	0.01	1.0	178.0	Infinity	1.0	1.0	1.0	2
0.01	0.01	0.01	1.0	178.0	Infinity	1.0	1.0	1.0	2
0.01	0.01	0.01	1.0	178.0	Infinity	1.0	1.0	1.0	2
0.07	0.08	0.17	0.93	5.48	10.81	0.91	0.82	0.98	2
0.06	0.08	0.11	0.77	7.21	3.88	0.75	0.72	0.97	2
0.24	0.26	0.27	0.92	3.38	8.22	0.88	0.86	0.99	2
0.01	0.01	0.01	1.0	178.0	Infinity	1.0	1.0	1.0	2
0.01	0.01	0.01	1.0	178.0	Infinity	1.0	1.0	1.0	2
0.01	0.01	0.01	1.0	178.0	Infinity	1.0	1.0	1.0	2
0.01	0.01	0.01	1.0	178.0	Infinity	1.0	1.0	1.0	2
0.01	0.01	0.01	1.0	178.0	Infinity	1.0	1.0	1.0	2
0.01	0.01	0.01	1.0	178.0	Infinity	1.0	1.0	1.0	2
0.01	0.01	0.01	1.0	178.0	Infinity	1.0	1.0	1.0	2
0.33	0.39	0.4	0.84	2.11	3.72	0.74	0.72	0.95	2
0.34	0.38	0.45	0.9	1.99	5.2	0.81	0.71	0.95	2
0.01	0.01	0.01	1.0	178.0	Infinity	1.0	1.0	1.0	2
0.01	0.01	0.01	1.0	178.0	Infinity	1.0	1.0	1.0	2
0.01	0.01	0.01	1.0	178.0	Infinity	1.0	1.0	1.0	2
0.01	0.01	0.01	1.0	178.0	Infinity	1.0	1.0	1.0	2
0.01	0.01	0.01	1.0	178.0	Infinity	1.0	1.0	1.0	2
0.01	0.01	0.01	1.0	178.0	Infinity	1.0	1.0	1.0	2
0.01	0.01	0.01	1.0	178.0	Infinity	1.0	1.0	1.0	2
0.56	0.56	0.74	1.0	1.37	Infinity	1.0	0.6	1.0	2
0.01	0.01	0.01	1.0	178.0	Infinity	1.0	1.0	1.0	2
0.01	0.01	0.01	1.0	178.0	Infinity	1.0	1.0	1.0	2
0.01	0.01	0.01	1.0	178.0	Infinity	1.0	1.0	1.0	2
0.01	0.01	0.01	1.0	178.0	Infinity	1.0	1.0	1.0	2
0.01	0.01	0.01	1.0	178.0	Infinity	1.0	1.0	1.0	2
0.01	0.01	0.01	1.0	178.0	Infinity	1.0	1.0	1.0	2
0.01	0.01	0.01	1.0	178.0	Infinity	1.0	1.0	1.0	2
0.01	0.01	0.01	1.0	178.0	Infinity	1.0	1.0	1.0	2
0.04	0.09	0.06	0.47	9.23	1.79	0.44	0.46	0.98	2
0.01	0.01	0.01	1.0	178.0	Infinity	1.0	1.0	1.0	2
0.01	0.01	0.01	1.0	178.0	Infinity	1.0	1.0	1.0	2
0.01	0.01	0.01	1.0	178.0	Infinity	1.0	1.0	1.0	2
0.01	0.01	0.01	1.0	178.0	Infinity	1.0	1.0	1.0	2
0.01	0.01	0.01	1.0	178.0	Infinity	1.0	1.0	1.0	2
0.11	0.11	0.23	0.95	4.22	14.74	0.94	0.81	0.99	2
0.08	0.11	0.13	0.78	6.02	3.92	0.75	0.73	0.97	2
0.16	0.2	0.21	0.8	3.96	3.99	0.75	0.75	0.98	2
0.18	0.21	0.22	0.84	3.93	4.86	0.8	0.79	0.98	2
0.06	0.06	0.13	1.0	8.1	Infinity	1.0	0.93	1.0	3
0.07	0.08	0.13	0.86	6.94	6.14	0.84	0.8	0.98	3
0.03	0.04	0.05	0.84	18.55	5.74	0.83	0.82	1.0	3
0.17	0.17	0.27	1.0	3.71	Infinity	1.0	0.88	1.0	3
0.03	0.03	0.05	1.0	22.25	Infinity	1.0	0.98	1.0	3
0.12	0.13	0.16	0.96	6.3	18.67	0.95	0.92	1.0	3
0.02	0.02	0.04	1.0	29.67	Infinity	1.0	0.99	1.0	3
0.11	0.13	0.14	0.87	6.41	6.35	0.85	0.84	0.99	3
0.11	0.12	0.14	0.91	6.68	8.66	0.89	0.87	1.0	3
0.1	0.11	0.15	0.95	6.73	15.48	0.94	0.9	1.0	3
0.06	0.09	0.06	0.67	11.87	2.84	0.65	0.67	1.0	3
0.05	0.07	0.06	0.73	12.95	3.47	0.72	0.72	1.0	3
0.07	0.07	0.15	1.0	6.85	Infinity	1.0	0.92	1.0	3
0.19	0.19	0.27	1.0	3.71	Infinity	1.0	0.9	1.0	3
0.22	0.24	0.27	0.93	3.45	10.23	0.91	0.87	0.99	3
0.03	0.03	0.04	0.81	23.74	4.84	0.8	0.79	1.0	3
0.02	0.03	0.03	0.75	33.38	3.92	0.75	0.75	1.0	3
0.04	0.05	0.06	0.75	14.84	3.8	0.74	0.74	0.99	3
0.06	0.06	0.1	1.0	10.48	Infinity	1.0	0.96	1.0	3
0.07	0.07	0.12	1.0	8.91	Infinity	1.0	0.95	1.0	4
0.07	0.07	0.13	1.0	8.1	Infinity	1.0	0.94	1.0	4
0.03	0.03	0.05	1.0	22.25	Infinity	1.0	0.99	1.0	4
0.03	0.03	0.05	1.0	22.25	Infinity	1.0	0.99	1.0	4
0.12	0.13	0.15	0.91	6.48	9.46	0.9	0.88	1.0	4
0.12	0.13	0.15	0.91	6.48	9.46	0.9	0.88	1.0	4
0.04	0.04	0.07	1.0	14.84	Infinity	1.0	0.97	1.0	4
0.06	0.08	0.06	0.72	12.72	3.31	0.7	0.72	1.0	4
0.05	0.06	0.06	0.81	14.25	4.72	0.79	0.79	1.0	4
</values>
