<?xml version="1.0" encoding="UTF-8"?>
<values>
Support	antecedent_support	consequent_support	Confidence	Lift	Conv	CF	NetConf	YulesQ	nAttributes
0.01	0.01	0.01	1.0	214.0	Infinity	1.0	1.0	1.0	2
0.72	0.72	0.9	1.0	1.12	Infinity	1.0	0.36	1.0	2
0.01	0.01	0.01	1.0	214.0	Infinity	1.0	1.0	1.0	2
0.01	0.01	0.01	1.0	214.0	Infinity	1.0	1.0	1.0	2
0.21	0.27	0.44	0.79	1.81	2.64	0.63	0.48	0.79	2
0.01	0.01	0.01	1.0	214.0	Infinity	1.0	1.0	1.0	2
0.01	0.01	0.01	1.0	214.0	Infinity	1.0	1.0	1.0	2
0.59	0.63	0.68	0.95	1.4	6.13	0.84	0.72	0.97	2
0.58	0.6	0.68	0.96	1.41	6.88	0.86	0.69	0.97	2
0.66	0.67	0.85	0.98	1.16	7.36	0.87	0.41	0.95	2
0.01	0.01	0.01	1.0	214.0	Infinity	1.0	1.0	1.0	2
0.01	0.01	0.01	1.0	214.0	Infinity	1.0	1.0	1.0	2
0.01	0.01	0.01	1.0	214.0	Infinity	1.0	1.0	1.0	2
0.01	0.01	0.01	1.0	214.0	Infinity	1.0	1.0	1.0	2
0.01	0.01	0.01	1.0	214.0	Infinity	1.0	1.0	1.0	2
0.01	0.01	0.01	1.0	214.0	Infinity	1.0	1.0	1.0	2
0.01	0.01	0.01	1.0	214.0	Infinity	1.0	1.0	1.0	2
0.64	0.66	0.74	0.97	1.31	7.38	0.87	0.67	0.97	2
0.01	0.01	0.01	1.0	214.0	Infinity	1.0	1.0	1.0	2
0.01	0.01	0.01	1.0	214.0	Infinity	1.0	1.0	1.0	2
0.22	0.23	0.58	0.94	1.65	7.03	0.86	0.48	0.9	2
0.01	0.01	0.01	1.0	214.0	Infinity	1.0	1.0	1.0	2
0.02	0.02	0.03	1.0	35.67	Infinity	1.0	0.99	1.0	2
0.01	0.01	0.01	1.0	214.0	Infinity	1.0	1.0	1.0	2
0.1	0.15	0.15	0.65	4.61	2.43	0.59	0.6	0.94	2
0.01	0.01	0.01	1.0	107.0	Infinity	1.0	1.0	1.0	2
0.01	0.01	0.01	1.0	214.0	Infinity	1.0	1.0	1.0	2
0.01	0.01	0.01	1.0	214.0	Infinity	1.0	1.0	1.0	2
0.01	0.01	0.01	1.0	214.0	Infinity	1.0	1.0	1.0	2
0.01	0.01	0.01	1.0	214.0	Infinity	1.0	1.0	1.0	2
0.01	0.01	0.01	1.0	214.0	Infinity	1.0	1.0	1.0	2
0.15	0.19	0.24	0.8	3.34	3.72	0.74	0.69	0.94	2
0.19	0.25	0.28	0.76	2.79	2.98	0.67	0.65	0.93	2
0.52	0.54	0.7	0.98	1.41	11.72	0.92	0.61	0.97	2
0.11	0.15	0.17	0.75	4.54	3.25	0.7	0.68	0.96	2
0.18	0.25	0.24	0.74	3.07	2.83	0.65	0.66	0.94	2
0.01	0.01	0.01	1.0	214.0	Infinity	1.0	1.0	1.0	2
0.01	0.01	0.01	1.0	214.0	Infinity	1.0	1.0	1.0	2
0.01	0.01	0.01	1.0	214.0	Infinity	1.0	1.0	1.0	2
0.01	0.01	0.01	1.0	107.0	Infinity	1.0	1.0	1.0	2
0.01	0.01	0.01	1.0	214.0	Infinity	1.0	1.0	1.0	2
0.01	0.01	0.01	1.0	107.0	Infinity	1.0	1.0	1.0	2
0.03	0.03	0.05	1.0	21.41	Infinity	1.0	0.99	1.0	2
0.01	0.01	0.01	1.0	214.0	Infinity	1.0	1.0	1.0	2
0.45	0.51	0.6	0.89	1.49	3.41	0.71	0.59	0.9	2
0.01	0.01	0.01	1.0	214.0	Infinity	1.0	1.0	1.0	2
0.02	0.02	0.03	1.0	35.67	Infinity	1.0	0.99	1.0	2
0.33	0.37	0.58	0.89	1.55	3.74	0.74	0.5	0.85	2
0.01	0.01	0.01	1.0	214.0	Infinity	1.0	1.0	1.0	2
0.01	0.01	0.01	1.0	214.0	Infinity	1.0	1.0	1.0	2
0.28	0.31	0.55	0.88	1.63	3.78	0.74	0.49	0.84	2
0.48	0.53	0.62	0.91	1.48	3.95	0.75	0.61	0.92	2
0.17	0.19	0.45	0.88	1.98	4.45	0.78	0.54	0.87	2
0.01	0.01	0.01	1.0	214.0	Infinity	1.0	1.0	1.0	2
0.01	0.01	0.01	1.0	214.0	Infinity	1.0	1.0	1.0	2
0.01	0.01	0.01	1.0	214.0	Infinity	1.0	1.0	1.0	2
0.01	0.01	0.01	1.0	214.0	Infinity	1.0	1.0	1.0	2
0.01	0.01	0.01	1.0	214.0	Infinity	1.0	1.0	1.0	2
0.01	0.01	0.01	1.0	214.0	Infinity	1.0	1.0	1.0	2
0.05	0.05	0.07	1.0	16.47	Infinity	1.0	0.99	1.0	2
0.01	0.01	0.01	1.0	214.0	Infinity	1.0	1.0	1.0	2
0.01	0.01	0.01	1.0	107.0	Infinity	1.0	1.0	1.0	2
0.01	0.01	0.01	1.0	214.0	Infinity	1.0	1.0	1.0	2
0.63	0.64	0.86	0.99	1.16	10.17	0.91	0.37	0.96	2
0.01	0.01	0.01	1.0	214.0	Infinity	1.0	1.0	1.0	2
0.03	0.03	0.04	1.0	30.58	Infinity	1.0	1.0	1.0	2
0.08	0.11	0.13	0.7	5.73	2.89	0.66	0.65	0.96	2
0.48	0.53	0.63	0.92	1.47	4.24	0.77	0.61	0.92	2
0.01	0.01	0.01	1.0	214.0	Infinity	1.0	1.0	1.0	2
0.01	0.01	0.01	1.0	214.0	Infinity	1.0	1.0	1.0	2
0.01	0.01	0.01	1.0	214.0	Infinity	1.0	1.0	1.0	2
0.01	0.01	0.01	1.0	214.0	Infinity	1.0	1.0	1.0	2
0.46	0.59	0.52	0.79	1.52	2.23	0.56	0.64	0.91	2
0.05	0.05	0.07	1.0	16.47	Infinity	1.0	0.99	1.0	2
0.45	0.51	0.58	0.88	1.51	3.28	0.7	0.6	0.9	2
0.39	0.45	0.58	0.88	1.51	3.33	0.7	0.53	0.86	2
0.01	0.01	0.01	1.0	214.0	Infinity	1.0	1.0	1.0	2
0.01	0.01	0.01	1.0	214.0	Infinity	1.0	1.0	1.0	2
0.01	0.01	0.01	1.0	214.0	Infinity	1.0	1.0	1.0	2
0.01	0.01	0.01	1.0	107.0	Infinity	1.0	1.0	1.0	2
0.01	0.01	0.01	1.0	214.0	Infinity	1.0	1.0	1.0	2
0.01	0.01	0.01	1.0	214.0	Infinity	1.0	1.0	1.0	2
0.01	0.01	0.01	1.0	107.0	Infinity	1.0	1.0	1.0	2
0.01	0.01	0.01	1.0	214.0	Infinity	1.0	1.0	1.0	2
0.27	0.34	0.46	0.81	1.76	2.75	0.64	0.52	0.83	2
0.53	0.6	0.61	0.89	1.46	3.33	0.7	0.68	0.94	2
0.7	0.7	0.9	1.0	1.12	Infinity	1.0	0.34	1.0	2
0.01	0.01	0.01	1.0	214.0	Infinity	1.0	1.0	1.0	2
0.1	0.17	0.13	0.6	4.76	2.19	0.55	0.57	0.96	2
0.01	0.01	0.01	1.0	214.0	Infinity	1.0	1.0	1.0	2
0.01	0.01	0.01	1.0	214.0	Infinity	1.0	1.0	1.0	2
0.05	0.05	0.05	0.91	19.27	9.54	0.9	0.9	1.0	2
0.01	0.01	0.01	1.0	214.0	Infinity	1.0	1.0	1.0	2
0.35	0.43	0.53	0.82	1.55	2.53	0.61	0.5	0.81	2
0.01	0.01	0.01	1.0	214.0	Infinity	1.0	1.0	1.0	2
0.01	0.01	0.01	1.0	214.0	Infinity	1.0	1.0	1.0	2
0.23	0.33	0.31	0.7	2.26	2.28	0.56	0.58	0.89	2
0.01	0.01	0.01	1.0	214.0	Infinity	1.0	1.0	1.0	2
0.55	0.57	0.74	0.98	1.33	10.47	0.91	0.54	0.97	2
0.01	0.01	0.01	1.0	214.0	Infinity	1.0	1.0	1.0	2
0.52	0.57	0.65	0.93	1.45	4.8	0.8	0.65	0.94	2
0.01	0.01	0.01	1.0	214.0	Infinity	1.0	1.0	1.0	2
0.01	0.01	0.01	1.0	107.0	Infinity	1.0	1.0	1.0	2
0.01	0.01	0.01	1.0	214.0	Infinity	1.0	1.0	1.0	2
0.01	0.01	0.01	1.0	214.0	Infinity	1.0	1.0	1.0	2
0.22	0.23	0.45	0.94	2.12	9.09	0.89	0.65	0.95	3
0.35	0.37	0.52	0.94	1.81	7.61	0.87	0.67	0.96	3
0.15	0.19	0.24	0.83	3.45	4.25	0.77	0.72	0.95	3
0.67	0.69	0.77	0.98	1.27	8.53	0.89	0.65	0.98	3
0.66	0.69	0.74	0.97	1.32	7.78	0.88	0.74	0.98	3
0.5	0.54	0.58	0.93	1.62	5.45	0.82	0.76	0.97	3
0.47	0.5	0.58	0.95	1.63	7.36	0.87	0.72	0.97	3
0.17	0.22	0.24	0.77	3.22	3.26	0.7	0.68	0.95	3
0.54	0.55	0.67	0.99	1.48	19.25	0.95	0.69	0.99	3
0.53	0.55	0.66	0.98	1.49	13.38	0.93	0.7	0.99	3
0.53	0.55	0.66	0.98	1.49	13.38	0.93	0.7	0.99	3
0.03	0.03	0.03	1.0	35.67	Infinity	1.0	1.0	1.0	3
0.21	0.25	0.32	0.84	2.62	4.02	0.76	0.69	0.94	3
0.11	0.11	0.2	0.96	4.88	18.49	0.95	0.86	0.99	3
0.43	0.43	0.6	0.98	1.65	18.71	0.95	0.68	0.99	3
0.41	0.42	0.58	0.97	1.7	12.76	0.93	0.68	0.98	3
0.65	0.68	0.72	0.96	1.35	6.96	0.86	0.76	0.98	3
0.09	0.09	0.2	1.0	5.1	Infinity	1.0	0.88	1.0	3
0.03	0.03	0.03	1.0	35.67	Infinity	1.0	1.0	1.0	3
0.5	0.5	0.65	0.99	1.53	19.0	0.95	0.68	0.99	3
0.03	0.03	0.03	1.0	35.67	Infinity	1.0	1.0	1.0	3
0.55	0.56	0.7	0.99	1.42	17.93	0.95	0.64	0.99	3
0.56	0.56	0.72	1.0	1.41	Infinity	1.0	0.65	1.0	3
0.28	0.3	0.51	0.94	1.84	7.73	0.88	0.61	0.94	3
0.43	0.44	0.58	0.96	1.68	10.11	0.91	0.7	0.97	3
0.41	0.43	0.56	0.96	1.74	10.1	0.91	0.7	0.97	3
0.41	0.43	0.56	0.96	1.74	10.1	0.91	0.7	0.97	3
0.08	0.08	0.13	0.95	7.75	14.94	0.94	0.9	1.0	3
0.08	0.08	0.13	0.95	7.75	14.94	0.94	0.9	1.0	3
0.02	0.02	0.03	1.0	42.81	Infinity	1.0	1.0	1.0	3
0.17	0.21	0.28	0.84	3.04	4.45	0.78	0.71	0.95	3
0.08	0.09	0.11	0.89	8.28	8.04	0.88	0.86	1.0	3
0.3	0.33	0.5	0.92	1.83	5.84	0.83	0.62	0.93	3
0.17	0.21	0.27	0.82	3.12	3.97	0.75	0.7	0.94	3
0.65	0.66	0.77	0.98	1.29	11.13	0.92	0.63	0.98	3
0.44	0.5	0.51	0.89	1.75	4.34	0.77	0.75	0.96	3
0.26	0.28	0.44	0.92	2.09	6.62	0.85	0.66	0.94	3
0.27	0.31	0.41	0.85	2.12	3.95	0.75	0.65	0.92	3
0.65	0.65	0.79	0.99	1.27	15.27	0.94	0.59	0.99	3
0.27	0.29	0.46	0.94	2.06	8.21	0.88	0.67	0.95	3
0.52	0.56	0.58	0.94	1.61	6.26	0.85	0.8	0.98	3
0.26	0.27	0.53	0.97	1.85	13.35	0.93	0.6	0.96	3
0.53	0.53	0.7	1.0	1.43	34.33	0.98	0.63	0.99	3
0.32	0.33	0.56	0.99	1.78	30.64	0.97	0.64	0.99	3
0.07	0.07	0.12	1.0	8.57	Infinity	1.0	0.95	1.0	3
0.04	0.04	0.04	0.88	23.41	7.71	0.88	0.88	1.0	3
0.18	0.21	0.31	0.87	2.81	5.08	0.81	0.7	0.94	3
0.05	0.05	0.05	1.0	21.41	Infinity	1.0	1.0	1.0	3
0.21	0.22	0.39	0.92	2.36	7.2	0.87	0.68	0.95	3
0.1	0.1	0.24	1.0	4.2	Infinity	1.0	0.85	1.0	4
0.33	0.37	0.44	0.88	2.01	4.47	0.78	0.7	0.94	4
0.65	0.67	0.74	0.98	1.34	12.61	0.93	0.73	0.99	4
0.25	0.27	0.44	0.95	2.18	10.56	0.91	0.7	0.97	4
0.09	0.09	0.19	1.0	5.49	Infinity	1.0	0.9	1.0	4
0.5	0.51	0.58	0.98	1.68	15.29	0.94	0.81	0.99	4
0.5	0.5	0.66	1.0	1.53	Infinity	1.0	0.69	1.0	4
0.5	0.51	0.64	0.99	1.55	19.87	0.95	0.71	0.99	4
0.51	0.51	0.67	1.0	1.5	Infinity	1.0	0.68	1.0	4
0.38	0.38	0.58	1.0	1.74	Infinity	1.0	0.69	1.0	4
0.65	0.66	0.72	0.98	1.37	10.22	0.91	0.77	0.99	4
0.54	0.54	0.69	1.0	1.45	36.01	0.98	0.66	1.0	4
0.55	0.55	0.7	1.0	1.43	35.54	0.98	0.66	1.0	4
0.36	0.37	0.56	0.98	1.77	17.5	0.95	0.67	0.98	4
0.08	0.08	0.13	1.0	8.24	Infinity	1.0	0.95	1.0	4
0.07	0.08	0.1	0.94	9.52	13.53	0.93	0.9	1.0	4
0.16	0.19	0.28	0.85	3.09	4.83	0.8	0.71	0.95	4
0.21	0.22	0.43	0.96	2.23	12.83	0.93	0.67	0.97	4
0.2	0.2	0.42	0.98	2.38	24.73	0.96	0.71	0.99	4
0.07	0.07	0.11	1.0	9.31	Infinity	1.0	0.96	1.0	4
0.42	0.45	0.53	0.93	1.76	6.41	0.85	0.72	0.96	4
0.44	0.48	0.53	0.93	1.75	6.02	0.84	0.76	0.97	4
0.28	0.3	0.44	0.94	2.14	8.84	0.89	0.71	0.96	4
0.4	0.44	0.51	0.91	1.78	5.13	0.81	0.71	0.95	4
0.5	0.54	0.53	0.92	1.73	5.43	0.82	0.84	0.99	4
0.32	0.33	0.51	0.98	1.91	16.93	0.95	0.69	0.98	4
0.34	0.35	0.51	0.96	1.89	12.11	0.92	0.69	0.97	4
0.52	0.52	0.7	1.0	1.44	Infinity	1.0	0.64	1.0	4
0.09	0.09	0.2	1.0	5.1	Infinity	1.0	0.89	1.0	4
0.21	0.24	0.31	0.85	2.74	4.41	0.78	0.71	0.95	4
0.17	0.19	0.31	0.93	3.0	9.0	0.89	0.76	0.97	4
0.19	0.2	0.38	0.96	2.55	13.15	0.93	0.72	0.98	4
0.2	0.21	0.39	0.96	2.46	13.17	0.93	0.71	0.97	4
0.36	0.36	0.56	0.99	1.8	34.55	0.98	0.69	0.99	5
0.23	0.24	0.44	0.98	2.26	28.28	0.97	0.72	0.99	5
0.25	0.26	0.44	0.97	2.22	15.27	0.94	0.71	0.98	5
0.41	0.43	0.54	0.94	1.76	7.17	0.87	0.71	0.96	5
0.03	0.03	0.04	1.0	26.75	Infinity	1.0	1.0	1.0	5
0.03	0.03	0.04	1.0	26.75	Infinity	1.0	1.0	1.0	5
0.43	0.44	0.58	0.98	1.69	19.56	0.95	0.71	0.99	5
0.2	0.21	0.43	0.98	2.28	24.52	0.96	0.69	0.99	5
0.45	0.49	0.53	0.93	1.75	6.14	0.84	0.77	0.97	5
0.4	0.44	0.51	0.92	1.8	5.71	0.83	0.72	0.96	5
0.28	0.29	0.45	0.96	2.15	11.5	0.92	0.72	0.97	5
0.3	0.31	0.48	0.99	2.09	34.33	0.98	0.74	0.99	5
0.34	0.35	0.53	0.98	1.85	17.23	0.95	0.68	0.98	5
0.09	0.1	0.15	0.91	6.06	8.93	0.89	0.84	0.99	5
0.14	0.17	0.23	0.81	3.52	3.97	0.75	0.7	0.95	5
0.17	0.17	0.38	0.98	2.61	22.55	0.96	0.72	0.99	5
0.23	0.23	0.44	1.0	2.31	Infinity	1.0	0.73	1.0	6
0.22	0.22	0.44	1.0	2.31	Infinity	1.0	0.73	1.0	6
0.42	0.42	0.58	1.0	1.73	Infinity	1.0	0.72	1.0	6
0.09	0.09	0.15	0.95	6.34	16.16	0.94	0.88	1.0	6
0.09	0.1	0.15	0.95	6.36	17.01	0.95	0.89	1.0	7
</values>
