@relation australian
@attribute A1{0,1}
@attribute A2 real[16.0,8025.0]
@attribute A3 real[0.0,26335.0]
@attribute A4{1,2,3}
@attribute A5 integer[1,14]
@attribute A6 integer[1,9]
@attribute A7 real[0.0,14415.0]
@attribute A8{0,1}
@attribute A9{0,1}
@attribute A10 integer[0,67]
@attribute A11{0,1}
@attribute A12{1,2,3}
@attribute A13 integer[0,2000]
@attribute A14 integer[1,100001]
@attribute Class{False,True}
@inputs A1, A2, A3, A4, A5, A6, A7, A8, A9, A10, A11, A12, A13, A14
@outputs Class
@data
1,2208.0,1146.0,2,4.0,4.0,1585.0,0,0,0.0,1,2,100.0,1213.0,False
0,2267.0,7.0,2,8.0,4.0,165.0,0,0,0.0,0,2,160.0,1.0,False
0,2958.0,175.0,1,4.0,4.0,125.0,0,0,0.0,1,2,280.0,1.0,False
0,2167.0,115.0,1,5.0,3.0,0.0,1,1,11.0,1,2,0.0,1.0,True
1,2017.0,817.0,2,6.0,4.0,196.0,1,1,14.0,0,2,60.0,159.0,True
0,1583.0,585.0,2,8.0,8.0,15.0,1,1,2.0,0,2,100.0,1.0,True
1,1742.0,65.0,2,3.0,4.0,125.0,0,0,0.0,0,2,60.0,101.0,False
0,5867.0,446.0,2,11.0,8.0,304.0,1,1,6.0,0,2,43.0,561.0,True
1,2783.0,1.0,1,2.0,8.0,3.0,0,0,0.0,0,2,176.0,538.0,False
0,5575.0,708.0,2,4.0,8.0,675.0,1,1,3.0,1,2,100.0,51.0,False
1,335.0,175.0,2,14.0,8.0,45.0,1,1,4.0,1,2,253.0,858.0,True
1,4142.0,5.0,2,11.0,8.0,5.0,1,1,6.0,1,2,470.0,1.0,True
1,2067.0,125.0,1,8.0,8.0,1375.0,1,1,3.0,1,2,140.0,211.0,False
1,3492.0,5.0,2,14.0,8.0,75.0,1,1,6.0,1,2,0.0,1001.0,True
1,5858.0,271.0,2,8.0,4.0,2415.0,0,0,0.0,1,2,320.0,1.0,False
1,4808.0,604.0,2,4.0,4.0,4.0,0,0,0.0,0,2,0.0,2691.0,True
1,2958.0,45.0,2,9.0,4.0,75.0,1,1,2.0,1,2,330.0,1.0,True
0,1892.0,9.0,2,6.0,4.0,75.0,1,1,2.0,0,2,88.0,592.0,True
1,20.0,125.0,1,4.0,4.0,125.0,0,0,0.0,0,2,140.0,5.0,False
0,2242.0,5665.0,2,11.0,4.0,2585.0,1,1,7.0,0,2,129.0,3258.0,True
0,2817.0,585.0,2,6.0,4.0,4.0,0,0,0.0,0,2,260.0,1005.0,False
0,1917.0,585.0,1,6.0,4.0,585.0,1,0,0.0,1,2,160.0,1.0,False
1,4117.0,1335.0,2,2.0,4.0,165.0,0,0,0.0,0,2,168.0,1.0,False
1,4158.0,175.0,2,4.0,4.0,21.0,1,0,0.0,0,2,160.0,1.0,False
1,195.0,9585.0,2,6.0,4.0,79.0,0,0,0.0,0,2,80.0,351.0,False
1,3275.0,15.0,2,13.0,8.0,55.0,1,1,3.0,1,2,0.0,1.0,True
1,225.0,125.0,1,4.0,4.0,125.0,0,0,0.0,0,2,200.0,71.0,False
1,3317.0,304.0,1,8.0,8.0,204.0,1,1,1.0,1,2,180.0,18028.0,True
0,3067.0,12.0,2,8.0,4.0,2.0,1,1,1.0,0,2,220.0,20.0,True
1,2308.0,25.0,2,8.0,4.0,1085.0,1,1,11.0,1,2,60.0,2185.0,True
1,27.0,75.0,2,8.0,8.0,425.0,1,1,3.0,1,2,312.0,151.0,True
0,2042.0,105.0,1,14.0,8.0,0.0,0,0,0.0,1,2,154.0,33.0,False
1,5233.0,1375.0,1,8.0,8.0,946.0,1,0,0.0,1,2,200.0,101.0,False
1,2308.0,115.0,2,9.0,8.0,2125.0,1,1,11.0,1,2,290.0,285.0,True
1,4283.0,125.0,2,7.0,4.0,13875.0,0,1,1.0,1,2,352.0,113.0,False
1,7483.0,19.0,1,1.0,1.0,4.0,0,1,2.0,0,2,0.0,352.0,False
1,25.0,125.0,2,6.0,4.0,3.0,1,0,0.0,1,1,20.0,1.0,True
1,3958.0,13915.0,2,9.0,4.0,8625.0,1,1,6.0,1,2,70.0,1.0,True
0,4775.0,8.0,2,8.0,4.0,7875.0,1,1,6.0,1,2,0.0,1261.0,True
0,4742.0,3.0,2,14.0,4.0,13875.0,1,1,2.0,1,2,519.0,1705.0,True
1,2317.0,0.0,2,13.0,4.0,85.0,1,0,0.0,0,2,0.0,1.0,True
1,2258.0,15.0,1,6.0,4.0,54.0,0,0,0.0,1,2,120.0,68.0,False
1,2675.0,1125.0,2,14.0,8.0,125.0,1,0,0.0,0,2,0.0,5299.0,True
1,6333.0,54.0,2,8.0,4.0,585.0,1,1,3.0,1,2,180.0,1.0,False
1,2375.0,415.0,1,8.0,4.0,4.0,0,1,2.0,0,2,128.0,7.0,False
0,2075.0,1025.0,2,11.0,4.0,71.0,1,1,2.0,1,2,49.0,1.0,True
0,245.0,175.0,1,8.0,4.0,165.0,0,0,0.0,0,2,132.0,1.0,False
1,1617.0,4.0,2,8.0,4.0,4.0,0,0,0.0,0,2,0.0,1.0,True
0,295.0,2.0,1,10.0,8.0,2.0,0,0,0.0,0,2,256.0,18.0,False
0,5283.0,15.0,2,8.0,4.0,55.0,1,1,14.0,0,2,0.0,2201.0,True
1,3233.0,35.0,2,4.0,4.0,5.0,0,0,0.0,1,2,232.0,1.0,False
1,2108.0,4125.0,1,3.0,8.0,4.0,0,0,0.0,0,2,140.0,101.0,False
1,2817.0,125.0,1,4.0,4.0,85.0,0,0,0.0,0,2,216.0,2101.0,False
1,19.0,175.0,1,8.0,4.0,2335.0,0,0,0.0,1,2,112.0,7.0,False
1,2758.0,325.0,1,11.0,8.0,5085.0,0,1,2.0,1,2,369.0,2.0,False
1,2783.0,15.0,2,9.0,4.0,2.0,1,1,11.0,1,2,434.0,36.0,True
1,40.0,65.0,2,6.0,5.0,35.0,1,1,1.0,0,2,0.0,501.0,True
0,3733.0,25.0,2,3.0,8.0,21.0,0,0,0.0,0,2,260.0,247.0,False
1,425.0,4915.0,1,9.0,4.0,3165.0,1,0,0.0,1,2,52.0,1443.0,True
1,5675.0,1225.0,2,7.0,4.0,125.0,1,1,4.0,1,2,200.0,1.0,True
1,4317.0,5.0,2,3.0,5.0,225.0,0,0,0.0,1,2,141.0,1.0,False
0,2375.0,71.0,2,9.0,4.0,25.0,0,1,1.0,1,2,240.0,5.0,False
1,185.0,2.0,2,3.0,4.0,15.0,1,1,2.0,0,2,120.0,301.0,True
0,4083.0,35.0,2,3.0,5.0,5.0,0,0,0.0,0,1,1160.0,1.0,False
0,245.0,5.0,2,11.0,8.0,15.0,1,0,0.0,0,2,280.0,825.0,True
1,42.0,979.0,2,14.0,8.0,796.0,1,1,8.0,0,2,0.0,1.0,True
0,195.0,165.0,2,11.0,4.0,4.0,0,0,0.0,1,2,380.0,1.0,False
1,215.0,115.0,2,3.0,4.0,5.0,1,0,0.0,1,2,100.0,69.0,False
1,3125.0,2835.0,2,1.0,1.0,0.0,0,1,5.0,0,2,176.0,147.0,False
1,2725.0,1585.0,2,13.0,8.0,1835.0,1,1,12.0,1,2,583.0,714.0,True
1,4875.0,26335.0,1,1.0,1.0,0.0,1,0,0.0,1,2,0.0,1.0,False
0,3042.0,1375.0,2,9.0,8.0,4.0,0,1,3.0,0,2,0.0,34.0,False
1,2942.0,125.0,2,9.0,4.0,175.0,0,0,0.0,0,2,200.0,1.0,False
1,2825.0,504.0,1,8.0,5.0,15.0,1,1,8.0,1,2,144.0,8.0,True
1,4025.0,215.0,2,10.0,9.0,20.0,1,1,11.0,0,2,0.0,1201.0,True
1,365.0,425.0,2,11.0,4.0,35.0,0,0,0.0,0,2,454.0,51.0,False
1,2558.0,335.0,2,4.0,8.0,35.0,0,0,0.0,1,2,340.0,1.0,False
1,2983.0,35.0,2,8.0,4.0,165.0,0,0,0.0,0,2,216.0,1.0,False
1,2308.0,0.0,2,4.0,4.0,1.0,0,1,11.0,0,1,0.0,1.0,False
0,3217.0,146.0,2,9.0,4.0,1085.0,1,1,16.0,0,2,120.0,2080.0,True
1,2517.0,35.0,2,13.0,4.0,625.0,1,1,7.0,0,2,0.0,7060.0,True
0,3517.0,375.0,2,1.0,1.0,0.0,0,1,6.0,0,2,0.0,201.0,False
0,1858.0,10.0,2,2.0,4.0,415.0,0,0,0.0,0,2,80.0,43.0,False
1,3992.0,5.0,2,3.0,5.0,21.0,0,0,0.0,0,2,550.0,1.0,False
1,2342.0,1.0,2,8.0,4.0,5.0,0,0,0.0,1,1,280.0,1.0,False
1,3758.0,0.0,2,8.0,4.0,0.0,0,0,0.0,0,3,184.0,1.0,True
0,2475.0,13665.0,2,11.0,8.0,15.0,0,0,0.0,0,2,280.0,2.0,False
0,47.0,13.0,2,3.0,5.0,5165.0,1,1,9.0,1,2,0.0,1.0,True
1,3417.0,525.0,2,9.0,4.0,85.0,0,0,0.0,1,2,290.0,7.0,True
1,2217.0,585.0,1,1.0,1.0,0.0,0,0,0.0,0,2,100.0,1.0,False
1,2775.0,129.0,2,4.0,8.0,25.0,0,0,0.0,1,1,140.0,1.0,False
1,4275.0,4085.0,2,6.0,4.0,4.0,0,0,0.0,0,2,108.0,101.0,False
1,2867.0,145.0,2,2.0,4.0,125.0,0,0,0.0,0,2,0.0,287.0,False
1,3625.0,5.0,2,8.0,5.0,25.0,1,1,6.0,0,2,0.0,368.0,True
0,1817.0,10.0,1,11.0,8.0,165.0,0,0,0.0,0,2,340.0,1.0,False
1,2125.0,15.0,2,9.0,4.0,15.0,0,0,0.0,0,2,150.0,9.0,True
0,3892.0,1665.0,2,6.0,4.0,25.0,0,0,0.0,0,2,0.0,391.0,False
1,3183.0,4.0,1,7.0,4.0,4.0,0,0,0.0,0,2,0.0,1.0,False
0,1733.0,95.0,2,6.0,4.0,175.0,0,1,10.0,1,2,0.0,11.0,False
0,2042.0,835.0,2,11.0,4.0,1585.0,1,1,1.0,0,2,0.0,1.0,True
0,3908.0,4.0,2,8.0,4.0,3.0,0,0,0.0,0,2,480.0,1.0,False
1,3867.0,21.0,2,4.0,4.0,85.0,1,0,0.0,1,2,280.0,1.0,True
1,2767.0,1375.0,2,9.0,4.0,575.0,1,0,0.0,1,2,487.0,501.0,True
1,2775.0,585.0,1,13.0,4.0,25.0,1,1,2.0,0,2,260.0,501.0,True
1,19.0,0.0,1,1.0,1.0,0.0,0,1,4.0,0,2,45.0,2.0,False
0,25.0,875.0,2,14.0,8.0,104.0,1,0,0.0,1,2,160.0,5861.0,True
1,2767.0,2.0,2,14.0,8.0,1.0,1,1,4.0,0,2,140.0,7545.0,True
1,2225.0,9.0,2,6.0,4.0,85.0,0,0,0.0,0,2,0.0,1.0,False
0,4983.0,13585.0,2,4.0,8.0,85.0,1,0,0.0,1,2,0.0,1.0,True
1,3233.0,25.0,2,8.0,4.0,125.0,0,0,0.0,1,2,280.0,1.0,False
1,3825.0,10125.0,1,4.0,4.0,125.0,0,0,0.0,0,2,160.0,1.0,False
1,4733.0,65.0,2,8.0,4.0,1.0,0,0,0.0,1,2,0.0,229.0,False
1,2783.0,4.0,1,3.0,8.0,575.0,1,1,2.0,1,2,75.0,1.0,False
0,3575.0,915.0,2,6.0,4.0,75.0,1,1,4.0,0,2,0.0,1584.0,True
1,3358.0,25.0,2,3.0,5.0,4.0,0,0,0.0,1,1,420.0,1.0,False
1,3408.0,8.0,1,7.0,5.0,4.0,1,1,1.0,1,2,280.0,2001.0,True
0,2075.0,10335.0,2,13.0,8.0,335.0,1,1,1.0,1,2,80.0,51.0,True
1,3317.0,1.0,2,14.0,4.0,75.0,1,1,7.0,1,2,340.0,4072.0,True
1,2275.0,11.0,2,11.0,4.0,25.0,1,1,7.0,1,2,100.0,810.0,True
1,4875.0,85.0,2,8.0,8.0,125.0,1,1,9.0,0,2,181.0,1656.0,True
1,4058.0,5.0,2,8.0,4.0,5.0,1,1,7.0,0,2,0.0,3066.0,True
1,2067.0,835.0,1,8.0,4.0,2.0,0,0,0.0,1,1,240.0,1.0,False
0,3875.0,15.0,2,1.0,1.0,0.0,0,0,0.0,0,2,76.0,1.0,False
0,5708.0,195.0,2,8.0,4.0,55.0,1,1,7.0,0,2,0.0,3001.0,True
0,3125.0,375.0,2,13.0,8.0,625.0,1,1,9.0,1,2,181.0,1.0,True
1,22.0,79.0,2,9.0,4.0,29.0,0,1,1.0,0,2,420.0,284.0,False
0,5833.0,10.0,2,11.0,4.0,4.0,1,1,14.0,0,2,0.0,1603.0,True
1,2892.0,375.0,2,8.0,4.0,29.0,0,0,0.0,0,2,220.0,141.0,False
0,46.0,4.0,2,5.0,3.0,0.0,1,0,0.0,0,2,100.0,961.0,True
1,21.0,3.0,1,2.0,4.0,1085.0,1,1,8.0,1,2,160.0,2.0,True
0,2475.0,125.0,2,6.0,4.0,15.0,1,1,12.0,1,2,120.0,568.0,True
0,2083.0,5.0,1,10.0,2.0,1.0,0,0,0.0,0,2,260.0,1.0,False
1,2458.0,135.0,1,1.0,1.0,0.0,0,0,0.0,0,2,184.0,1.0,False
0,265.0,271.0,1,8.0,4.0,85.0,0,0,0.0,0,1,80.0,1.0,False
1,4092.0,835.0,2,1.0,1.0,0.0,1,0,0.0,0,2,130.0,2.0,False
0,3833.0,4415.0,2,8.0,4.0,125.0,0,0,0.0,0,2,160.0,1.0,False
1,1958.0,585.0,2,1.0,1.0,0.0,0,1,3.0,0,2,350.0,770.0,False
1,3925.0,95.0,2,7.0,4.0,65.0,1,1,14.0,0,2,240.0,4608.0,True
1,2575.0,5.0,2,8.0,4.0,146.0,1,1,5.0,1,2,312.0,1.0,True
0,4608.0,3.0,2,8.0,4.0,2375.0,1,1,8.0,1,2,396.0,4160.0,True
1,1967.0,10.0,1,4.0,8.0,835.0,1,0,0.0,1,2,140.0,1.0,False
0,2225.0,125.0,1,1.0,1.0,325.0,0,0,0.0,0,2,280.0,1.0,False
1,1883.0,354.0,1,1.0,1.0,0.0,0,0,0.0,1,2,180.0,2.0,False
1,6408.0,20.0,2,14.0,8.0,175.0,1,1,9.0,1,2,0.0,1001.0,True
0,165.0,125.0,2,11.0,4.0,25.0,0,1,1.0,0,2,108.0,99.0,False
0,6867.0,15.0,2,10.0,9.0,0.0,1,1,14.0,0,2,0.0,3377.0,True
1,7675.0,2229.0,2,10.0,9.0,1275.0,1,1,1.0,1,2,0.0,110.0,True
0,1592.0,2875.0,2,11.0,4.0,85.0,0,0,0.0,0,2,120.0,1.0,False
1,3483.0,4.0,2,2.0,5.0,125.0,1,0,0.0,1,2,184.0,1.0,False
0,4742.0,8.0,2,10.0,5.0,65.0,1,1,6.0,0,2,375.0,51101.0,True
1,2317.0,0.0,2,8.0,4.0,0.0,0,0,0.0,0,3,184.0,1.0,True
1,4517.0,15.0,2,8.0,4.0,25.0,1,0,0.0,1,2,140.0,1.0,False
1,1517.0,7.0,2,10.0,4.0,1.0,0,0,0.0,0,2,600.0,1.0,False
1,1883.0,415.0,1,8.0,4.0,165.0,0,1,1.0,0,2,200.0,2.0,False
1,525.0,65.0,2,4.0,4.0,629.0,1,1,15.0,0,2,0.0,11203.0,True
1,1917.0,0.0,1,7.0,5.0,0.0,0,0,0.0,1,1,500.0,2.0,True
1,18.0,165.0,2,11.0,7.0,21.0,0,0,0.0,0,2,200.0,41.0,True
1,375.0,835.0,2,10.0,4.0,4.0,0,0,0.0,0,2,120.0,6.0,False
1,2267.0,1585.0,1,9.0,4.0,3085.0,1,1,6.0,0,2,80.0,1.0,True
1,4783.0,4165.0,2,14.0,5.0,85.0,0,0,0.0,1,2,520.0,1.0,False
1,3408.0,25.0,2,8.0,4.0,1.0,0,0,0.0,0,2,460.0,17.0,False
0,3308.0,1625.0,2,2.0,4.0,54.0,0,0,0.0,1,2,0.0,1.0,False
1,4308.0,375.0,1,8.0,4.0,375.0,1,1,8.0,1,2,300.0,163.0,True
1,345.0,404.0,1,3.0,5.0,85.0,1,1,7.0,1,2,195.0,1.0,True
1,4275.0,3.0,2,3.0,5.0,1.0,1,0,0.0,0,2,0.0,201.0,False
1,1825.0,165.0,2,2.0,4.0,25.0,0,0,0.0,1,1,280.0,1.0,False
1,2308.0,25.0,2,1.0,1.0,85.0,0,0,0.0,1,2,100.0,4209.0,False
0,225.0,846.0,1,14.0,4.0,246.0,0,0,0.0,0,2,164.0,1.0,True
1,1792.0,205.0,2,6.0,4.0,4.0,0,0,0.0,0,2,280.0,751.0,False
1,1842.0,10415.0,1,6.0,4.0,125.0,1,0,0.0,0,2,120.0,376.0,False
0,2767.0,15.0,2,7.0,4.0,2.0,1,0,0.0,0,1,368.0,1.0,False
0,1892.0,925.0,1,8.0,4.0,1.0,1,1,4.0,1,2,80.0,501.0,True
1,2267.0,75.0,2,3.0,4.0,1585.0,0,1,1.0,1,2,400.0,10.0,False
1,625.0,1275.0,1,8.0,8.0,5.0,1,0,0.0,0,2,112.0,1.0,False
0,235.0,9.0,2,11.0,4.0,85.0,1,1,5.0,1,2,120.0,1.0,True
1,3525.0,3165.0,2,14.0,8.0,375.0,1,0,0.0,1,2,680.0,1.0,False
0,5683.0,425.0,1,1.0,1.0,5.0,0,0,0.0,1,2,0.0,5.0,False
0,5333.0,165.0,2,1.0,1.0,0.0,0,0,0.0,1,1,62.0,28.0,False
1,4117.0,404.0,2,13.0,8.0,7.0,1,1,8.0,0,2,320.0,1.0,True
1,4217.0,504.0,2,11.0,8.0,1275.0,1,0,0.0,1,2,92.0,1.0,True
1,4117.0,125.0,1,9.0,4.0,25.0,0,0,0.0,0,2,0.0,196.0,False
0,3375.0,75.0,2,4.0,5.0,1.0,1,1,3.0,1,2,212.0,1.0,False
1,2567.0,125.0,2,13.0,4.0,121.0,1,1,67.0,1,2,140.0,259.0,True
1,2433.0,6625.0,1,2.0,4.0,55.0,1,0,0.0,1,1,100.0,1.0,True
1,2333.0,11625.0,1,9.0,4.0,835.0,1,0,0.0,1,2,160.0,301.0,True
1,3067.0,25.0,2,13.0,8.0,225.0,0,0,0.0,1,1,340.0,1.0,False
1,3717.0,4.0,2,8.0,5.0,5.0,1,0,0.0,1,1,280.0,1.0,False
1,2625.0,154.0,2,9.0,4.0,125.0,0,0,0.0,0,2,100.0,1.0,False
0,2975.0,665.0,2,9.0,4.0,25.0,0,0,0.0,1,2,300.0,1.0,False
0,23.0,1835.0,2,5.0,3.0,0.0,0,1,1.0,0,2,200.0,54.0,False
1,1725.0,3.0,2,4.0,4.0,4.0,0,0,0.0,1,2,160.0,41.0,False
1,2925.0,1479.0,2,6.0,4.0,504.0,1,1,5.0,1,2,168.0,1.0,True
0,2858.0,354.0,2,3.0,5.0,5.0,1,0,0.0,1,2,171.0,1.0,False
1,3458.0,0.0,2,8.0,4.0,0.0,0,0,0.0,0,3,184.0,1.0,False
1,2342.0,585.0,2,8.0,8.0,85.0,1,0,0.0,0,2,180.0,1.0,False
1,25.0,1125.0,2,8.0,4.0,25.0,1,1,17.0,0,2,200.0,1209.0,True
0,1875.0,75.0,2,11.0,4.0,271.0,1,1,5.0,0,2,184.0,26727.0,True
1,1708.0,25.0,2,11.0,4.0,335.0,0,1,4.0,0,2,160.0,9.0,False
0,1608.0,335.0,2,1.0,1.0,0.0,0,1,1.0,0,2,160.0,127.0,False
1,3292.0,25.0,2,6.0,4.0,175.0,0,1,2.0,1,2,720.0,1.0,False
0,2033.0,10.0,2,8.0,8.0,1.0,1,1,4.0,0,2,50.0,1466.0,True
0,2175.0,175.0,1,5.0,3.0,0.0,0,0,0.0,0,2,160.0,1.0,False
1,3317.0,104.0,2,12.0,8.0,65.0,1,0,0.0,1,2,164.0,31286.0,True
0,2533.0,2085.0,2,8.0,8.0,275.0,1,0,0.0,1,2,360.0,2.0,False
0,2475.0,3.0,2,11.0,8.0,1835.0,1,1,19.0,0,2,0.0,501.0,True
1,3083.0,0.0,2,9.0,4.0,125.0,1,1,1.0,0,2,202.0,1.0,True
1,2075.0,5085.0,1,5.0,4.0,29.0,0,0,0.0,0,2,140.0,185.0,False
0,4033.0,8125.0,1,4.0,4.0,165.0,0,1,2.0,0,2,184.0,19.0,False
1,2942.0,125.0,2,8.0,8.0,25.0,0,1,2.0,1,2,400.0,109.0,False
1,4092.0,5.0,1,7.0,4.0,5.0,0,0,0.0,1,2,130.0,1.0,False
0,295.0,46.0,2,4.0,4.0,54.0,1,1,4.0,0,2,380.0,501.0,True
1,5442.0,5.0,1,4.0,8.0,396.0,1,0,0.0,0,2,180.0,315.0,True
1,34.0,55.0,1,8.0,4.0,15.0,0,0,0.0,1,2,60.0,1.0,False
1,25.0,12.0,2,4.0,4.0,225.0,1,1,2.0,1,2,120.0,6.0,False
0,2658.0,254.0,1,1.0,1.0,0.0,0,0,0.0,1,2,180.0,61.0,False
0,3308.0,4625.0,2,11.0,8.0,1625.0,1,1,2.0,0,2,0.0,1.0,True
1,3367.0,2165.0,2,8.0,4.0,15.0,0,0,0.0,0,3,120.0,1.0,False
1,3617.0,55.0,2,3.0,5.0,5.0,0,0,0.0,0,2,210.0,688.0,False
1,195.0,29.0,2,4.0,4.0,29.0,0,0,0.0,0,2,280.0,365.0,False
1,2417.0,875.0,2,11.0,4.0,4625.0,1,1,2.0,1,2,520.0,2001.0,True
0,305.0,65.0,2,8.0,5.0,4.0,1,1,7.0,1,2,0.0,3066.0,True
1,20.0,7.0,2,8.0,4.0,5.0,0,0,0.0,0,2,0.0,1.0,False
1,2533.0,58.0,2,8.0,4.0,29.0,1,1,7.0,1,2,96.0,5125.0,True
1,2958.0,475.0,2,7.0,4.0,2.0,0,1,1.0,1,2,460.0,69.0,False
1,4317.0,225.0,2,3.0,5.0,75.0,1,0,0.0,0,2,560.0,1.0,False
1,2875.0,1165.0,2,4.0,4.0,5.0,1,0,0.0,0,1,280.0,1.0,False
1,3157.0,3.0,1,3.0,5.0,7.0,0,0,0.0,0,2,0.0,2.0,False
1,2025.0,996.0,2,10.0,2.0,0.0,1,0,0.0,0,2,0.0,1.0,True
1,45.0,85.0,2,13.0,8.0,14.0,1,1,1.0,1,2,88.0,2001.0,True
0,2283.0,229.0,2,11.0,8.0,229.0,1,1,7.0,1,2,140.0,2385.0,True
0,2067.0,3.0,2,11.0,4.0,165.0,1,1,3.0,0,2,100.0,7.0,True
1,2783.0,15.0,2,9.0,4.0,225.0,0,1,1.0,1,2,100.0,4.0,False
1,4092.0,225.0,1,14.0,8.0,10.0,1,0,0.0,1,2,176.0,1.0,False
1,5642.0,28.0,1,8.0,4.0,285.0,1,1,40.0,0,2,0.0,16.0,True
0,6408.0,165.0,2,1.0,1.0,0.0,1,1,1.0,0,2,232.0,101.0,True
0,2242.0,1125.0,1,14.0,8.0,75.0,1,1,4.0,0,2,0.0,322.0,True
0,2433.0,25.0,1,3.0,5.0,45.0,0,0,0.0,0,2,200.0,457.0,False
0,695.0,6.0,2,1.0,1.0,0.0,0,0,0.0,0,1,0.0,1.0,False
1,3558.0,75.0,2,4.0,4.0,15.0,0,0,0.0,1,2,231.0,1.0,False
1,4833.0,12.0,2,7.0,4.0,16.0,1,0,0.0,0,1,110.0,1.0,True
0,2808.0,15.0,1,10.0,9.0,0.0,1,0,0.0,0,2,0.0,13213.0,True
1,3517.0,25.0,2,4.0,4.0,45.0,1,1,7.0,0,2,150.0,1271.0,True
1,495.0,7585.0,2,3.0,5.0,7585.0,1,1,15.0,1,2,0.0,5001.0,True
1,8025.0,55.0,2,8.0,4.0,54.0,1,0,0.0,0,2,0.0,341.0,False
1,2925.0,13.0,2,2.0,8.0,5.0,0,0,0.0,0,2,228.0,1.0,False
0,1692.0,5.0,2,3.0,4.0,165.0,0,1,6.0,1,2,240.0,36.0,False
0,16.0,165.0,2,6.0,4.0,1.0,0,1,2.0,1,2,320.0,2.0,False
1,6008.0,145.0,2,1.0,1.0,18.0,1,1,15.0,1,2,0.0,1001.0,True
1,28.0,2.0,2,4.0,8.0,4165.0,1,1,2.0,1,2,181.0,1.0,True
1,415.0,154.0,2,3.0,5.0,35.0,0,0,0.0,0,2,216.0,1.0,True
1,2408.0,9.0,2,6.0,4.0,25.0,0,0,0.0,1,2,0.0,1.0,False
1,245.0,13335.0,1,6.0,4.0,4.0,0,0,0.0,1,2,120.0,476.0,False
1,3475.0,15.0,2,12.0,7.0,5375.0,1,1,9.0,1,2,0.0,135.0,True
1,3367.0,125.0,2,9.0,4.0,1165.0,0,0,0.0,0,2,120.0,1.0,False
0,4083.0,10.0,2,11.0,8.0,175.0,1,0,0.0,0,2,29.0,838.0,True
1,2042.0,1835.0,2,8.0,4.0,225.0,1,1,1.0,0,2,100.0,151.0,True
1,375.0,1125.0,1,2.0,4.0,15.0,0,0,0.0,1,2,431.0,1.0,True
1,485.0,425.0,2,7.0,4.0,125.0,1,0,0.0,1,2,225.0,1.0,True
1,23.0,75.0,2,7.0,4.0,5.0,0,0,0.0,1,1,320.0,1.0,False
1,35.0,3375.0,2,8.0,8.0,829.0,0,0,0.0,1,2,0.0,1.0,False
1,1633.0,275.0,2,6.0,4.0,665.0,0,1,1.0,0,2,80.0,22.0,False
1,2267.0,105.0,2,11.0,8.0,1335.0,1,0,0.0,0,2,100.0,1.0,True
0,2175.0,1175.0,2,8.0,4.0,25.0,0,0,0.0,1,2,180.0,1.0,False
0,2508.0,254.0,1,6.0,4.0,25.0,1,0,0.0,1,2,370.0,1.0,True
1,3633.0,2125.0,1,9.0,4.0,85.0,1,1,1.0,0,2,50.0,1188.0,True
0,2858.0,375.0,2,8.0,4.0,25.0,0,1,1.0,1,2,40.0,155.0,False
1,2217.0,12125.0,2,8.0,4.0,3335.0,0,1,2.0,1,2,180.0,174.0,False
1,3417.0,154.0,2,13.0,4.0,154.0,1,1,1.0,1,2,520.0,50001.0,True
1,35.0,25.0,2,3.0,4.0,1.0,0,0,0.0,1,2,210.0,1.0,False
1,2858.0,3625.0,2,6.0,4.0,25.0,0,0,0.0,1,2,100.0,1.0,False
0,1917.0,5415.0,2,3.0,8.0,29.0,0,0,0.0,0,2,80.0,485.0,False
1,2325.0,1.0,2,8.0,4.0,835.0,1,0,0.0,0,1,300.0,1.0,True
1,165.0,125.0,2,8.0,4.0,165.0,0,0,0.0,0,2,132.0,1.0,False
0,2008.0,125.0,2,11.0,4.0,1.0,0,1,1.0,0,2,240.0,769.0,True
1,2233.0,11.0,2,9.0,4.0,2.0,1,1,1.0,0,2,80.0,279.0,True
1,34.0,5085.0,1,3.0,5.0,1085.0,0,0,0.0,1,2,480.0,1.0,False
0,5708.0,335.0,2,3.0,5.0,1.0,1,0,0.0,1,2,252.0,2198.0,False
1,1625.0,835.0,2,7.0,4.0,85.0,1,0,0.0,0,1,200.0,1.0,False
1,3283.0,25.0,2,13.0,8.0,275.0,1,1,6.0,0,2,160.0,2073.0,True
1,4825.0,25085.0,2,9.0,4.0,175.0,1,1,3.0,0,2,120.0,15.0,True
1,3417.0,275.0,2,3.0,5.0,25.0,0,0,0.0,1,2,232.0,201.0,False
1,1833.0,121.0,1,10.0,2.0,0.0,0,0,0.0,0,2,100.0,1.0,False
1,4425.0,5.0,2,7.0,4.0,1075.0,1,0,0.0,0,1,400.0,1.0,False
1,3892.0,175.0,2,4.0,4.0,5.0,0,0,0.0,1,2,300.0,3.0,False
1,3158.0,75.0,1,6.0,4.0,35.0,0,0,0.0,1,2,320.0,1.0,False
1,2508.0,171.0,2,14.0,4.0,1665.0,1,1,1.0,1,2,395.0,21.0,True
1,6542.0,11.0,2,10.0,9.0,20.0,1,1,7.0,1,2,22.0,1.0,True
1,4133.0,0.0,2,8.0,5.0,15.0,1,0,0.0,0,2,0.0,1.0,True
1,3125.0,1125.0,2,1.0,1.0,0.0,0,1,1.0,0,2,96.0,20.0,False
0,3675.0,471.0,2,1.0,1.0,0.0,0,0,0.0,0,2,160.0,1.0,False
1,3233.0,75.0,2,10.0,5.0,1585.0,1,0,0.0,1,1,420.0,1.0,False
0,3192.0,3125.0,2,1.0,1.0,304.0,0,1,2.0,1,2,200.0,5.0,False
1,2483.0,275.0,2,8.0,4.0,225.0,1,1,6.0,0,2,184.0,601.0,True
1,2192.0,54.0,1,14.0,4.0,4.0,1,1,1.0,1,2,840.0,60.0,True
1,3425.0,3.0,2,13.0,8.0,7415.0,1,0,0.0,1,2,0.0,1.0,True
1,5183.0,3.0,1,1.0,1.0,15.0,0,0,0.0,0,2,180.0,5.0,False
0,3157.0,15.0,2,1.0,1.0,0.0,0,1,2.0,1,2,200.0,106.0,False
1,3842.0,705.0,2,8.0,4.0,375.0,0,1,2.0,0,2,225.0,501.0,False
1,3917.0,171.0,2,14.0,4.0,125.0,1,1,5.0,1,2,480.0,1.0,True
1,1817.0,246.0,2,8.0,7.0,96.0,0,1,2.0,1,2,160.0,588.0,False
1,39.0,5.0,2,13.0,4.0,35.0,1,1,10.0,1,2,0.0,1.0,True
1,20.0,11045.0,2,8.0,4.0,2.0,0,0,0.0,1,2,136.0,1.0,False
1,3275.0,2335.0,2,2.0,8.0,575.0,0,0,0.0,1,2,292.0,1.0,False
1,1858.0,571.0,2,2.0,4.0,54.0,0,0,0.0,0,2,120.0,1.0,False
0,1583.0,7625.0,2,11.0,4.0,125.0,0,1,1.0,1,2,0.0,161.0,False
1,3933.0,5875.0,2,13.0,8.0,10.0,1,1,14.0,1,2,399.0,1.0,True
0,1958.0,665.0,2,9.0,4.0,1665.0,0,0,0.0,0,2,220.0,6.0,False
1,2133.0,105.0,2,8.0,4.0,3.0,1,0,0.0,1,2,0.0,1.0,True
0,2267.0,75.0,2,8.0,4.0,2.0,0,1,2.0,1,2,200.0,395.0,False
1,2567.0,325.0,2,8.0,8.0,229.0,0,1,1.0,1,2,416.0,22.0,False
1,2108.0,10085.0,1,10.0,8.0,125.0,0,0,0.0,0,2,260.0,1.0,False
0,49.0,15.0,2,5.0,3.0,0.0,1,0,0.0,1,2,100.0,28.0,False
1,2067.0,529.0,2,11.0,4.0,375.0,1,1,1.0,0,2,160.0,1.0,False
0,1967.0,21.0,2,11.0,8.0,29.0,1,1,11.0,0,2,80.0,100.0,True
1,2183.0,25.0,2,2.0,8.0,665.0,1,0,0.0,1,2,0.0,1.0,True
1,2683.0,54.0,2,4.0,1.0,0.0,0,0,0.0,0,2,100.0,1.0,False
0,3858.0,5.0,2,13.0,4.0,135.0,1,0,0.0,1,2,980.0,1.0,False
0,5008.0,1254.0,2,6.0,4.0,229.0,1,1,3.0,1,2,156.0,1.0,True
0,1575.0,375.0,2,8.0,4.0,1.0,0,0,0.0,0,2,120.0,19.0,False
0,245.0,1275.0,2,8.0,5.0,475.0,1,1,2.0,0,2,73.0,445.0,True
1,21.0,479.0,1,9.0,4.0,225.0,1,1,1.0,1,2,80.0,301.0,True
1,2208.0,11.0,2,13.0,4.0,665.0,1,0,0.0,0,2,100.0,1.0,True
1,5458.0,9415.0,2,1.0,1.0,14415.0,1,1,11.0,1,2,30.0,301.0,True
1,1808.0,55.0,2,4.0,4.0,5.0,1,0,0.0,0,2,80.0,1.0,True
1,3667.0,4415.0,1,4.0,4.0,25.0,1,1,10.0,1,2,320.0,1.0,True
1,3817.0,10125.0,2,14.0,4.0,25.0,1,1,6.0,0,2,520.0,197.0,True
1,2183.0,154.0,2,4.0,4.0,85.0,0,0,0.0,1,2,356.0,1.0,False
0,5192.0,65.0,2,3.0,5.0,3085.0,0,0,0.0,1,2,73.0,1.0,False
1,2217.0,225.0,2,3.0,4.0,125.0,0,0,0.0,0,2,160.0,11.0,False
1,5242.0,15.0,2,2.0,4.0,375.0,0,0,0.0,1,2,0.0,351.0,False
0,6092.0,5.0,2,6.0,4.0,4.0,1,1,4.0,0,2,0.0,100.0,True
1,2017.0,5625.0,2,9.0,4.0,171.0,1,0,0.0,0,1,120.0,1.0,True
1,2325.0,4.0,2,8.0,5.0,25.0,1,0,0.0,1,2,160.0,1.0,True
1,3617.0,42.0,1,9.0,4.0,29.0,0,0,0.0,1,2,309.0,3.0,False
0,4225.0,175.0,1,8.0,4.0,0.0,0,0,0.0,1,2,150.0,2.0,False
1,2358.0,835.0,2,3.0,8.0,85.0,0,0,0.0,1,2,220.0,6.0,False
0,36.0,1.0,2,8.0,4.0,2.0,1,1,11.0,0,2,0.0,457.0,True
1,3958.0,5.0,2,1.0,1.0,0.0,0,1,2.0,0,2,17.0,2.0,False
0,1883.0,4415.0,1,8.0,8.0,3.0,1,0,0.0,0,2,240.0,1.0,True
1,2725.0,625.0,2,6.0,4.0,455.0,1,0,0.0,1,2,200.0,1.0,False
1,3242.0,3.0,2,2.0,4.0,165.0,0,0,0.0,1,2,120.0,1.0,False
1,1942.0,15.0,1,13.0,4.0,2.0,1,0,0.0,1,2,100.0,21.0,False
0,2258.0,1075.0,2,11.0,4.0,415.0,1,1,5.0,1,2,0.0,561.0,True
1,3992.0,621.0,2,11.0,4.0,4.0,1,1,1.0,0,2,200.0,301.0,True
1,2267.0,165.0,2,8.0,3.0,225.0,0,0,0.0,1,1,0.0,1.0,True
0,2342.0,79.0,1,11.0,4.0,15.0,1,1,2.0,1,2,80.0,401.0,True
0,30.0,529.0,2,10.0,2.0,225.0,1,1,5.0,1,2,99.0,501.0,True
0,4033.0,754.0,1,11.0,8.0,8.0,1,1,14.0,0,2,0.0,2301.0,True
0,3675.0,5125.0,2,10.0,4.0,5.0,1,0,0.0,1,2,0.0,4001.0,True
1,31.0,2085.0,2,8.0,4.0,85.0,0,0,0.0,0,2,300.0,1.0,False
0,2517.0,2875.0,2,14.0,8.0,875.0,1,0,0.0,0,2,360.0,1.0,True
1,2742.0,125.0,2,6.0,5.0,25.0,0,0,0.0,1,2,720.0,1.0,False
1,3157.0,4.0,2,14.0,4.0,5.0,1,1,3.0,1,2,290.0,2280.0,True
1,3408.0,65.0,2,6.0,4.0,125.0,1,0,0.0,1,2,443.0,1.0,False
1,2208.0,2335.0,2,4.0,4.0,75.0,0,0,0.0,0,2,180.0,1.0,False
1,3108.0,3085.0,2,8.0,4.0,25.0,0,1,2.0,1,2,160.0,42.0,False
1,3157.0,5.0,2,8.0,5.0,835.0,1,0,0.0,1,1,320.0,1.0,False
1,16.0,3125.0,2,9.0,4.0,85.0,0,1,1.0,0,2,0.0,7.0,False
1,2725.0,1665.0,2,13.0,8.0,5085.0,1,1,9.0,0,2,399.0,828.0,True
1,2517.0,3.0,2,8.0,4.0,125.0,0,1,1.0,0,2,0.0,23.0,False
1,6775.0,55.0,2,10.0,9.0,13.0,1,1,1.0,1,2,0.0,1.0,True
0,1883.0,95.0,2,9.0,4.0,1625.0,1,1,6.0,1,2,40.0,601.0,True
0,2725.0,29.0,2,7.0,8.0,125.0,0,1,1.0,1,2,272.0,109.0,False
0,1958.0,665.0,1,8.0,4.0,1.0,0,1,1.0,0,2,2000.0,3.0,False
1,3075.0,1585.0,2,2.0,4.0,585.0,0,0,0.0,1,1,0.0,1.0,False
0,5025.0,835.0,2,6.0,4.0,5.0,0,0,0.0,1,2,240.0,118.0,False
1,3108.0,15.0,1,9.0,4.0,4.0,0,0,0.0,0,1,160.0,1.0,False
1,5158.0,15.0,2,8.0,4.0,85.0,1,1,9.0,0,2,0.0,1.0,True
0,3658.0,29.0,2,1.0,1.0,0.0,0,1,10.0,0,2,200.0,19.0,False
1,3358.0,275.0,2,7.0,4.0,425.0,1,1,6.0,0,2,204.0,1.0,True
0,2083.0,3.0,2,6.0,4.0,4.0,1,0,0.0,0,2,100.0,1.0,True
1,3617.0,18125.0,2,9.0,4.0,85.0,0,0,0.0,0,2,320.0,3553.0,False
1,5075.0,585.0,2,1.0,1.0,0.0,0,0,0.0,0,2,145.0,1.0,False
0,2358.0,83.0,2,11.0,4.0,415.0,0,1,1.0,1,2,200.0,12.0,False
1,3517.0,45.0,2,14.0,8.0,575.0,0,0,0.0,1,1,711.0,1.0,True
0,5842.0,21.0,2,3.0,5.0,10.0,1,1,13.0,0,2,0.0,6701.0,True
1,2825.0,875.0,2,7.0,4.0,96.0,1,1,3.0,1,2,396.0,1.0,True
1,3157.0,625.0,2,4.0,4.0,25.0,0,0,0.0,0,2,380.0,2011.0,False
0,3175.0,3.0,1,5.0,3.0,0.0,0,0,0.0,0,2,160.0,21.0,False
1,1942.0,65.0,2,9.0,8.0,146.0,1,1,7.0,0,2,80.0,2955.0,True
1,3908.0,6.0,2,7.0,4.0,129.0,1,1,5.0,1,2,108.0,1098.0,True
1,1708.0,329.0,2,3.0,4.0,335.0,0,0,0.0,1,2,140.0,3.0,False
1,4483.0,7.0,1,8.0,4.0,1625.0,0,0,0.0,0,2,160.0,3.0,False
1,1625.0,0.0,1,6.0,4.0,25.0,0,0,0.0,0,2,60.0,1.0,False
0,4117.0,65.0,2,11.0,4.0,5.0,1,1,3.0,1,2,145.0,1.0,True
1,2892.0,15.0,2,8.0,8.0,5335.0,1,1,11.0,0,2,0.0,2284.0,True
0,2617.0,2.0,2,5.0,3.0,0.0,0,0,0.0,1,2,276.0,2.0,False
1,3858.0,3335.0,2,9.0,4.0,4.0,1,1,14.0,0,2,383.0,1345.0,True
1,2517.0,6.0,2,8.0,4.0,1.0,1,1,3.0,0,2,0.0,1.0,True
0,2817.0,375.0,2,11.0,4.0,585.0,1,1,4.0,0,2,80.0,1.0,True
1,7342.0,1775.0,2,1.0,1.0,0.0,1,0,0.0,1,2,0.0,1.0,True
1,225.0,115.0,1,7.0,4.0,15.0,0,0,0.0,1,2,0.0,4001.0,False
0,2717.0,125.0,2,1.0,1.0,0.0,0,1,1.0,0,2,92.0,301.0,False
0,1917.0,8585.0,2,13.0,8.0,75.0,1,1,7.0,0,2,96.0,1.0,True
0,2558.0,0.0,2,8.0,4.0,0.0,0,0,0.0,0,3,184.0,1.0,True
1,3157.0,4.0,1,2.0,4.0,425.0,0,0,0.0,1,2,460.0,1.0,False
0,225.0,85.0,2,11.0,4.0,175.0,1,1,10.0,0,2,80.0,991.0,False
0,2292.0,125.0,2,11.0,4.0,25.0,0,0,0.0,1,2,120.0,810.0,False
1,2325.0,12625.0,2,8.0,4.0,125.0,0,1,2.0,0,2,0.0,5553.0,False
0,295.0,1085.0,1,14.0,4.0,1.0,0,0,0.0,0,2,280.0,14.0,False
0,32.0,6.0,2,2.0,4.0,125.0,0,0,0.0,0,2,272.0,1.0,False
1,27.0,15.0,1,9.0,4.0,375.0,1,0,0.0,1,2,260.0,1066.0,True
1,1933.0,10915.0,2,8.0,5.0,585.0,0,1,2.0,1,2,200.0,8.0,False
1,3575.0,2415.0,2,9.0,4.0,125.0,0,1,2.0,0,2,220.0,2.0,False
1,1883.0,0.0,2,11.0,4.0,665.0,0,0,0.0,0,2,160.0,2.0,False
0,2875.0,375.0,2,8.0,4.0,1085.0,1,1,1.0,1,2,371.0,1.0,True
1,3442.0,425.0,2,3.0,5.0,325.0,1,1,2.0,0,2,274.0,611.0,True
0,3325.0,3.0,1,6.0,4.0,2.0,0,0,0.0,0,2,180.0,1.0,False
1,5392.0,9625.0,2,10.0,4.0,8665.0,1,1,5.0,0,2,0.0,1.0,True
1,2525.0,1.0,2,6.0,4.0,5.0,0,0,0.0,0,2,200.0,1.0,False
1,3242.0,2165.0,1,4.0,1.0,0.0,0,0,0.0,0,2,120.0,1.0,False
0,2108.0,5.0,1,1.0,1.0,0.0,0,0,0.0,0,2,0.0,1.0,False
0,565.0,16.0,2,5.0,1.0,0.0,1,1,15.0,0,2,0.0,248.0,True
1,3225.0,165.0,1,8.0,8.0,325.0,1,1,1.0,1,2,432.0,8001.0,True
0,205.0,11835.0,2,8.0,8.0,6.0,1,0,0.0,0,2,340.0,1.0,True
0,3025.0,55.0,2,4.0,4.0,55.0,0,0,0.0,1,1,100.0,1.0,False
0,2458.0,67.0,2,6.0,8.0,175.0,1,0,0.0,0,2,400.0,1.0,False
1,2317.0,11125.0,2,14.0,8.0,46.0,1,1,1.0,0,2,100.0,1.0,True
0,3157.0,1125.0,2,1.0,1.0,0.0,0,0,0.0,0,2,184.0,5201.0,False
0,3233.0,54.0,2,13.0,4.0,4.0,1,0,0.0,0,2,440.0,11178.0,True
1,2392.0,15.0,2,2.0,8.0,1875.0,1,1,6.0,0,2,200.0,328.0,True
1,3675.0,125.0,1,8.0,4.0,15.0,0,0,0.0,1,2,232.0,114.0,True
1,2983.0,125.0,1,4.0,4.0,25.0,0,0,0.0,0,2,224.0,1.0,False
0,2408.0,5.0,2,11.0,8.0,125.0,1,1,1.0,0,2,0.0,679.0,True
1,2117.0,25.0,1,8.0,8.0,25.0,0,0,0.0,0,2,280.0,205.0,False
1,3142.0,155.0,2,8.0,4.0,5.0,1,0,0.0,0,2,120.0,1.0,False
1,2283.0,3.0,2,7.0,4.0,129.0,1,1,1.0,0,2,260.0,801.0,True
1,375.0,175.0,1,8.0,5.0,25.0,1,0,0.0,1,2,164.0,401.0,False
0,2483.0,45.0,2,9.0,4.0,1.0,0,0,0.0,1,2,360.0,7.0,False
1,3633.0,379.0,2,9.0,4.0,1165.0,1,0,0.0,1,2,200.0,1.0,False
0,4725.0,75.0,2,11.0,8.0,275.0,1,1,1.0,0,2,333.0,893.0,True
1,3208.0,4.0,1,13.0,4.0,15.0,0,0,0.0,1,2,120.0,1.0,False
0,3058.0,10665.0,2,11.0,8.0,85.0,0,1,12.0,1,2,129.0,4.0,False
1,2783.0,154.0,2,9.0,4.0,375.0,1,1,5.0,1,2,100.0,4.0,True
1,5483.0,155.0,2,10.0,9.0,0.0,1,1,20.0,0,2,152.0,131.0,False
1,1608.0,75.0,2,8.0,4.0,175.0,1,1,5.0,1,2,352.0,691.0,True
1,2458.0,125.0,2,9.0,4.0,875.0,1,0,0.0,1,2,260.0,1.0,False
1,3267.0,55.0,2,11.0,8.0,55.0,1,1,12.0,1,2,408.0,1001.0,True
1,3017.0,5.0,2,8.0,4.0,175.0,1,1,11.0,0,2,32.0,541.0,True
1,2225.0,46.0,2,4.0,4.0,125.0,0,0,0.0,1,2,280.0,56.0,False
1,4175.0,96.0,2,14.0,4.0,25.0,1,0,0.0,0,2,510.0,601.0,True
1,3667.0,2.0,2,3.0,4.0,25.0,0,0,0.0,1,2,221.0,1.0,False
1,2583.0,12835.0,2,13.0,4.0,5.0,0,0,0.0,0,2,0.0,3.0,False
1,2992.0,1835.0,2,8.0,8.0,4335.0,1,0,0.0,0,2,260.0,201.0,True
1,2008.0,25.0,2,11.0,4.0,125.0,0,0,0.0,0,2,200.0,1.0,False
1,1967.0,375.0,2,11.0,4.0,2.0,1,1,2.0,1,2,80.0,1.0,True
1,5142.0,4.0,2,14.0,8.0,4.0,1,0,0.0,0,2,0.0,3001.0,True
1,6275.0,7.0,2,10.0,9.0,0.0,0,0,0.0,0,2,0.0,13.0,False
1,4058.0,329.0,2,7.0,4.0,35.0,0,0,0.0,1,1,400.0,1.0,False
0,1633.0,21.0,2,6.0,4.0,125.0,0,0,0.0,0,2,200.0,2.0,False
1,295.0,58.0,2,9.0,4.0,29.0,0,1,1.0,0,2,340.0,2804.0,False
1,34.0,45.0,2,6.0,4.0,1.0,1,0,0.0,1,2,240.0,1.0,False
0,7158.0,0.0,2,8.0,4.0,0.0,0,0,0.0,0,3,184.0,1.0,True
1,42.0,205.0,2,3.0,8.0,5125.0,1,0,0.0,0,2,400.0,1.0,True
0,225.0,11.0,1,11.0,4.0,3.0,1,0,0.0,1,2,268.0,1.0,False
1,2442.0,2.0,2,10.0,2.0,165.0,0,1,2.0,0,2,320.0,1301.0,False
1,4433.0,5.0,2,3.0,8.0,5.0,1,0,0.0,1,2,320.0,1.0,True
0,23.0,1175.0,2,14.0,8.0,5.0,1,1,2.0,1,2,300.0,552.0,True
1,3442.0,1335.0,2,3.0,5.0,125.0,0,0,0.0,1,2,440.0,4501.0,False
1,2308.0,115.0,2,3.0,4.0,35.0,1,1,9.0,0,2,56.0,743.0,True
1,2592.0,875.0,2,4.0,4.0,375.0,0,1,2.0,1,2,174.0,4.0,False
0,1758.0,9.0,2,6.0,4.0,1375.0,1,0,0.0,1,2,0.0,1.0,True
1,2042.0,1085.0,2,11.0,4.0,15.0,0,0,0.0,0,2,108.0,8.0,False
1,3167.0,16165.0,2,2.0,4.0,3.0,1,1,9.0,0,2,250.0,731.0,True
0,5758.0,2.0,2,1.0,1.0,65.0,0,1,1.0,0,2,0.0,11.0,False
1,5967.0,154.0,2,11.0,4.0,125.0,1,0,0.0,1,2,260.0,1.0,True
0,6517.0,14.0,2,1.0,1.0,0.0,1,1,11.0,1,2,0.0,1401.0,True
1,3008.0,104.0,1,3.0,5.0,5.0,1,1,10.0,1,2,132.0,29.0,False
1,4858.0,65.0,2,11.0,8.0,6.0,1,0,0.0,1,2,350.0,1.0,True
0,2358.0,115.0,1,4.0,8.0,3.0,0,0,0.0,1,2,20.0,17.0,False
1,2017.0,925.0,2,8.0,4.0,1665.0,1,1,3.0,1,2,40.0,29.0,True
1,4817.0,7625.0,2,9.0,8.0,155.0,1,1,12.0,0,2,0.0,791.0,True
1,2325.0,15.0,2,11.0,4.0,2375.0,1,1,3.0,1,2,0.0,583.0,True
1,3225.0,14.0,1,1.0,1.0,0.0,0,1,2.0,0,2,160.0,2.0,False
1,3358.0,335.0,1,13.0,4.0,85.0,0,0,0.0,0,2,180.0,1.0,False
1,2358.0,46.0,1,9.0,4.0,2625.0,1,1,6.0,1,2,208.0,348.0,False
1,1692.0,335.0,1,4.0,4.0,29.0,0,0,0.0,0,1,200.0,1.0,False
0,2083.0,85.0,2,8.0,4.0,165.0,0,0,0.0,0,2,0.0,352.0,False
0,6058.0,165.0,2,11.0,4.0,11.0,1,0,0.0,1,2,21.0,10562.0,True
1,3157.0,5.0,1,6.0,4.0,85.0,1,0,0.0,0,2,0.0,1.0,False
0,25.0,1233.0,2,13.0,8.0,35.0,1,1,6.0,0,2,400.0,459.0,True
1,215.0,975.0,2,8.0,4.0,25.0,1,0,0.0,0,2,140.0,1.0,False
1,2042.0,0.0,2,8.0,4.0,0.0,0,0,0.0,0,3,184.0,1.0,False
0,2525.0,135.0,1,1.0,1.0,2.0,0,1,1.0,1,2,200.0,2.0,False
1,4283.0,4625.0,2,11.0,4.0,458.0,1,0,0.0,0,1,0.0,1.0,True
1,2667.0,175.0,1,8.0,4.0,1.0,1,1,5.0,1,2,160.0,5778.0,True
1,5783.0,704.0,2,7.0,4.0,14.0,1,1,6.0,1,2,360.0,1333.0,True
1,5592.0,115.0,2,1.0,1.0,5.0,1,1,5.0,0,2,0.0,8852.0,True
1,5133.0,10.0,2,3.0,5.0,0.0,1,1,11.0,0,2,0.0,1250.0,True
1,3983.0,5.0,2,7.0,4.0,25.0,1,0,0.0,0,1,288.0,1.0,False
1,2758.0,204.0,1,6.0,4.0,2.0,1,1,3.0,1,2,370.0,561.0,True
1,3017.0,65.0,2,13.0,4.0,3125.0,1,1,8.0,0,2,330.0,1201.0,True
1,5183.0,204.0,1,1.0,1.0,15.0,0,0,0.0,0,2,120.0,2.0,False
0,25.0,11.0,1,6.0,4.0,45.0,1,0,0.0,0,2,120.0,1.0,False
1,2967.0,75.0,1,8.0,4.0,4.0,0,0,0.0,0,2,240.0,1.0,False
0,3367.0,375.0,2,13.0,4.0,375.0,0,0,0.0,0,2,300.0,45.0,True
1,2575.0,75.0,2,8.0,5.0,25.0,1,0,0.0,0,2,349.0,24.0,True
0,2867.0,104.0,2,8.0,4.0,25.0,1,1,5.0,1,2,300.0,1431.0,True
0,1808.0,375.0,3,13.0,1.0,10.0,0,0,0.0,1,1,300.0,1.0,True
1,2042.0,7.0,2,8.0,4.0,1625.0,1,1,3.0,0,2,200.0,1392.0,True
1,175.0,22.0,3,1.0,7.0,0.0,0,0,0.0,1,3,450.0,100001.0,True
1,1808.0,675.0,1,7.0,4.0,4.0,0,0,0.0,0,2,140.0,1.0,False
1,4767.0,25.0,2,7.0,5.0,25.0,1,1,12.0,1,2,410.0,2511.0,True
1,5742.0,85.0,2,10.0,8.0,7.0,1,1,3.0,0,2,0.0,1.0,True
1,1375.0,4.0,1,9.0,4.0,175.0,1,1,2.0,1,2,120.0,1001.0,True
1,1933.0,95.0,2,11.0,4.0,1.0,1,0,0.0,1,2,60.0,401.0,True
0,2192.0,11665.0,2,4.0,8.0,85.0,0,0,0.0,0,2,320.0,6.0,False
1,1758.0,10.0,2,9.0,8.0,165.0,0,1,1.0,0,2,120.0,2.0,False
1,3483.0,25.0,1,9.0,4.0,3.0,0,0,0.0,0,1,200.0,1.0,False
1,2917.0,35.0,2,9.0,4.0,35.0,1,1,3.0,1,2,329.0,1.0,False
1,2142.0,75.0,1,12.0,7.0,75.0,0,0,0.0,1,2,132.0,3.0,False
1,1817.0,1025.0,2,8.0,8.0,1085.0,0,0,0.0,0,2,320.0,14.0,False
1,28.0,3.0,2,9.0,4.0,75.0,0,0,0.0,1,2,300.0,68.0,False
0,4583.0,105.0,2,11.0,4.0,5.0,1,1,7.0,1,2,0.0,1.0,True
1,2275.0,115.0,2,3.0,4.0,415.0,0,0,0.0,0,2,0.0,1.0,False
0,3157.0,35.0,2,2.0,4.0,3.0,1,0,0.0,1,2,300.0,1.0,False
0,2042.0,75.0,2,4.0,4.0,15.0,1,1,1.0,0,2,160.0,235.0,True
0,2125.0,2335.0,2,3.0,5.0,5.0,1,1,4.0,0,1,80.0,1.0,True
1,2667.0,425.0,2,13.0,4.0,429.0,1,1,1.0,1,2,120.0,1.0,True
0,2733.0,1665.0,2,1.0,1.0,0.0,0,0,0.0,0,2,340.0,2.0,False
1,4208.0,104.0,2,9.0,4.0,5.0,1,1,6.0,1,2,500.0,10001.0,True
0,1825.0,10.0,2,9.0,4.0,1.0,0,1,1.0,0,2,120.0,2.0,False
0,285.0,1.0,2,11.0,4.0,1.0,1,1,2.0,1,2,167.0,501.0,False
0,215.0,6.0,2,6.0,4.0,25.0,1,1,3.0,0,2,80.0,919.0,True
1,2183.0,11.0,2,14.0,4.0,29.0,1,1,6.0,0,2,121.0,1.0,True
1,2192.0,5.0,2,8.0,4.0,125.0,0,0,0.0,0,2,360.0,1.0,False
1,3267.0,9.0,1,9.0,8.0,525.0,1,0,0.0,1,2,154.0,1.0,True
0,4533.0,1.0,2,11.0,4.0,125.0,0,0,0.0,1,2,263.0,1.0,False
0,2358.0,585.0,1,1.0,1.0,125.0,0,0,0.0,0,2,120.0,88.0,False
0,1792.0,54.0,2,8.0,4.0,175.0,0,1,1.0,1,2,80.0,6.0,False
1,33.0,25.0,1,9.0,4.0,7.0,0,0,0.0,1,2,280.0,1.0,False
0,2267.0,335.0,2,11.0,4.0,75.0,0,0,0.0,0,1,160.0,1.0,False
1,3467.0,108.0,2,7.0,4.0,1165.0,0,0,0.0,0,1,28.0,1.0,False
1,2967.0,1415.0,2,9.0,8.0,75.0,1,1,1.0,0,2,240.0,101.0,True
1,3183.0,25.0,2,6.0,4.0,75.0,1,0,0.0,1,2,523.0,1.0,False
0,2067.0,1835.0,2,11.0,4.0,2085.0,1,1,5.0,0,2,220.0,2504.0,True
1,3375.0,275.0,2,3.0,5.0,0.0,0,0,0.0,0,2,180.0,1.0,False
1,2208.0,83.0,2,8.0,8.0,2165.0,0,0,0.0,1,2,128.0,1.0,True
0,3542.0,12.0,2,11.0,8.0,14.0,1,1,8.0,0,2,0.0,6591.0,True
1,3192.0,446.0,2,13.0,8.0,604.0,1,1,3.0,0,2,311.0,301.0,True
0,2267.0,79.0,2,3.0,4.0,85.0,0,0,0.0,0,2,144.0,1.0,False
1,2667.0,14585.0,2,3.0,5.0,0.0,0,0,0.0,1,2,178.0,1.0,False
1,44.0,2.0,2,7.0,4.0,175.0,1,1,2.0,1,2,0.0,16.0,True
1,3017.0,1085.0,1,8.0,4.0,4.0,0,0,0.0,0,2,170.0,180.0,False
1,3775.0,7.0,2,11.0,8.0,115.0,1,1,7.0,1,2,300.0,6.0,False
1,1708.0,85.0,1,8.0,4.0,4.0,0,0,0.0,0,2,140.0,723.0,False
1,4917.0,229.0,2,1.0,1.0,29.0,0,0,0.0,0,2,200.0,4.0,False
1,2292.0,17.0,2,7.0,4.0,85.0,0,0,0.0,0,1,0.0,1.0,False
0,3483.0,125.0,1,3.0,8.0,5.0,0,0,0.0,1,2,160.0,1.0,False
1,4425.0,11.0,1,2.0,4.0,15.0,1,0,0.0,0,1,0.0,1.0,False
1,595.0,275.0,2,9.0,4.0,175.0,1,1,5.0,1,2,60.0,59.0,True
1,255.0,375.0,2,7.0,4.0,25.0,1,1,3.0,0,2,260.0,15109.0,True
0,4158.0,104.0,2,6.0,4.0,665.0,0,0,0.0,0,2,240.0,238.0,False
1,4958.0,19.0,2,1.0,1.0,0.0,1,1,1.0,0,2,94.0,1.0,False
0,3392.0,1585.0,1,1.0,1.0,0.0,1,0,0.0,0,2,320.0,1.0,False
1,1917.0,4.0,1,3.0,4.0,1.0,0,0,0.0,1,2,360.0,1001.0,False
0,245.0,2415.0,1,8.0,4.0,0.0,0,0,0.0,0,2,120.0,1.0,False
1,2333.0,15.0,2,8.0,8.0,1415.0,1,0,0.0,0,2,422.0,201.0,True
1,6917.0,9.0,2,1.0,1.0,4.0,0,1,1.0,0,2,70.0,7.0,False
1,4767.0,29.0,2,8.0,5.0,15.0,1,1,20.0,0,2,0.0,15001.0,True
0,3325.0,25.0,1,8.0,4.0,25.0,0,0,0.0,1,2,0.0,3.0,False
1,4325.0,3.0,2,11.0,8.0,6.0,1,1,11.0,0,2,80.0,1.0,True
1,23.0,625.0,1,6.0,4.0,125.0,1,0,0.0,0,2,180.0,2.0,False
1,3475.0,25.0,2,13.0,5.0,5.0,0,0,0.0,0,2,348.0,1.0,False
1,5658.0,185.0,2,2.0,5.0,15.0,1,1,17.0,1,2,0.0,1.0,True
0,4417.0,6665.0,2,11.0,4.0,7375.0,1,1,3.0,1,2,0.0,1.0,True
0,4433.0,0.0,2,8.0,4.0,25.0,1,0,0.0,0,2,0.0,1.0,True
1,3425.0,175.0,2,9.0,5.0,25.0,1,0,0.0,1,2,163.0,1.0,False
0,45.0,4585.0,2,4.0,8.0,1.0,0,0,0.0,1,1,240.0,1.0,False
1,3058.0,271.0,1,7.0,4.0,125.0,0,0,0.0,1,1,80.0,1.0,False
1,2767.0,75.0,2,11.0,8.0,165.0,0,0,0.0,1,2,220.0,252.0,False
1,1942.0,725.0,2,7.0,4.0,4.0,0,1,1.0,0,2,100.0,2.0,False
0,4133.0,1.0,2,3.0,5.0,225.0,1,0,0.0,1,2,0.0,301.0,True
0,235.0,15.0,2,9.0,4.0,875.0,0,0,0.0,1,2,160.0,1.0,False
1,3167.0,83.0,2,14.0,4.0,1335.0,1,1,8.0,1,2,303.0,3291.0,True
0,1783.0,11.0,2,14.0,8.0,1.0,1,1,11.0,0,2,0.0,3001.0,True
0,3317.0,225.0,1,13.0,4.0,35.0,0,0,0.0,1,2,200.0,142.0,False
0,525.0,7.0,2,6.0,8.0,3.0,0,0,0.0,0,2,0.0,1.0,False
0,2542.0,1125.0,2,11.0,4.0,129.0,1,1,2.0,0,2,200.0,1.0,False
1,4058.0,15.0,2,3.0,5.0,0.0,0,0,0.0,0,1,300.0,1.0,False
1,2392.0,585.0,1,13.0,8.0,125.0,0,0,0.0,0,2,240.0,2.0,False
1,56.0,125.0,2,4.0,8.0,8.0,1,0,0.0,1,2,24.0,2029.0,True
0,285.0,304.0,1,14.0,8.0,254.0,1,1,1.0,0,2,70.0,1.0,True
1,3208.0,4.0,2,7.0,4.0,25.0,1,0,0.0,1,2,360.0,1.0,True
1,2117.0,875.0,1,8.0,8.0,25.0,0,0,0.0,0,2,280.0,205.0,False
1,3417.0,917.0,2,8.0,4.0,45.0,1,1,12.0,1,2,0.0,222.0,True
1,4325.0,2521.0,2,11.0,8.0,21.0,1,1,1.0,0,2,760.0,91.0,False
0,3825.0,6.0,2,4.0,4.0,1.0,1,0,0.0,1,2,0.0,1.0,True
1,3742.0,204.0,2,9.0,4.0,4.0,1,0,0.0,1,2,400.0,5801.0,True
1,2983.0,204.0,1,14.0,8.0,4.0,0,0,0.0,0,2,128.0,2.0,False
1,3733.0,2665.0,2,13.0,4.0,165.0,0,0,0.0,1,2,0.0,502.0,False
1,3133.0,195.0,2,8.0,4.0,7.0,1,1,16.0,0,2,0.0,5001.0,True
1,3608.0,254.0,2,1.0,1.0,0.0,0,0,0.0,0,2,0.0,1001.0,False
1,205.0,2415.0,2,8.0,4.0,2.0,1,1,11.0,1,2,200.0,3001.0,True
1,4717.0,5835.0,2,9.0,4.0,55.0,0,0,0.0,0,2,465.0,151.0,False
1,22.0,7835.0,1,3.0,5.0,165.0,0,0,0.0,1,2,184.0,1.0,False
1,205.0,10.0,1,8.0,4.0,25.0,1,0,0.0,0,1,40.0,1.0,True
1,3492.0,25.0,2,9.0,4.0,0.0,1,0,0.0,1,2,239.0,201.0,True
1,2408.0,875.0,2,7.0,4.0,85.0,0,1,4.0,0,2,254.0,1951.0,False
1,3733.0,65.0,2,7.0,8.0,425.0,1,1,12.0,1,2,93.0,1.0,True
0,2075.0,954.0,2,3.0,4.0,4.0,0,0,0.0,0,2,200.0,1001.0,False
1,3667.0,325.0,2,11.0,8.0,9.0,1,0,0.0,1,2,102.0,640.0,True
1,2258.0,1004.0,2,14.0,4.0,4.0,1,1,9.0,0,2,60.0,397.0,True
0,2692.0,135.0,2,11.0,8.0,5.0,1,1,2.0,0,2,0.0,5001.0,True
0,4667.0,46.0,2,13.0,8.0,415.0,1,1,11.0,1,2,440.0,7.0,True
0,5217.0,0.0,1,1.0,1.0,0.0,0,0,0.0,0,2,0.0,1.0,False
1,3917.0,25.0,1,3.0,8.0,10.0,0,0,0.0,1,1,200.0,1.0,False
1,3917.0,1625.0,2,8.0,4.0,15.0,1,1,10.0,0,2,186.0,4701.0,True
0,2767.0,204.0,2,9.0,4.0,25.0,0,0,0.0,1,2,180.0,51.0,False
1,1917.0,95.0,2,9.0,4.0,15.0,1,0,0.0,0,2,120.0,2207.0,True
1,395.0,425.0,2,8.0,5.0,65.0,1,1,16.0,0,2,117.0,1211.0,True
1,3642.0,75.0,1,2.0,4.0,585.0,0,0,0.0,0,2,240.0,4.0,False
1,2617.0,25.0,2,3.0,5.0,0.0,1,0,0.0,1,2,0.0,1.0,True
1,3942.0,171.0,1,7.0,4.0,165.0,0,0,0.0,0,1,400.0,1.0,False
1,4192.0,42.0,2,8.0,8.0,21.0,1,1,6.0,0,2,220.0,949.0,True
1,2133.0,75.0,2,6.0,4.0,1415.0,1,1,1.0,0,2,80.0,9801.0,True
0,2008.0,125.0,2,8.0,4.0,0.0,0,0,0.0,0,2,0.0,1.0,False
0,2758.0,3.0,2,7.0,4.0,279.0,0,1,1.0,1,2,280.0,11.0,False
1,2158.0,79.0,1,13.0,4.0,665.0,0,0,0.0,0,2,160.0,1.0,False
1,2825.0,5125.0,2,14.0,4.0,475.0,1,1,2.0,0,2,420.0,8.0,True
1,2692.0,225.0,2,3.0,5.0,5.0,0,0,0.0,1,2,640.0,4001.0,False
0,1842.0,925.0,2,11.0,4.0,121.0,1,1,4.0,0,2,60.0,541.0,True
0,2325.0,5875.0,2,11.0,4.0,317.0,1,1,10.0,0,2,120.0,246.0,True
1,2358.0,179.0,2,8.0,4.0,54.0,0,0,0.0,1,2,136.0,2.0,False
1,2833.0,5.0,2,9.0,4.0,11.0,1,0,0.0,1,2,70.0,1.0,True
1,2567.0,221.0,1,6.0,4.0,4.0,1,0,0.0,0,2,188.0,1.0,False
0,2858.0,1665.0,2,11.0,4.0,2415.0,1,0,0.0,1,2,440.0,1.0,False
1,2292.0,3165.0,1,8.0,4.0,165.0,0,0,0.0,0,2,160.0,1059.0,False
0,245.0,104.0,1,1.0,1.0,5.0,1,1,3.0,0,2,180.0,148.0,False
1,2475.0,54.0,2,7.0,4.0,1.0,0,0,0.0,1,2,120.0,2.0,False
1,32.0,175.0,1,10.0,8.0,4.0,1,0,0.0,1,2,393.0,1.0,True
1,4808.0,375.0,2,3.0,5.0,1.0,0,0,0.0,0,2,100.0,3.0,False
0,2842.0,35.0,2,9.0,4.0,835.0,1,0,0.0,0,1,280.0,1.0,True
1,2542.0,54.0,2,9.0,4.0,165.0,0,1,1.0,0,2,272.0,445.0,False
1,1858.0,1029.0,2,1.0,1.0,415.0,0,0,0.0,0,2,80.0,1.0,False
1,2167.0,1165.0,1,4.0,4.0,25.0,1,1,1.0,0,2,180.0,21.0,False
1,2458.0,125.0,2,8.0,4.0,25.0,0,0,0.0,0,2,110.0,1.0,False
1,1633.0,4085.0,2,3.0,8.0,415.0,0,0,0.0,1,2,120.0,1.0,False
1,2675.0,2.0,2,2.0,4.0,75.0,0,0,0.0,1,2,80.0,1.0,False
1,4817.0,35.0,2,6.0,4.0,35.0,1,0,0.0,0,1,230.0,1.0,True
1,235.0,275.0,2,1.0,1.0,45.0,0,0,0.0,0,2,160.0,26.0,False
0,41.0,204.0,1,11.0,8.0,125.0,1,1,23.0,1,2,455.0,1237.0,True
1,3517.0,25125.0,2,14.0,8.0,1625.0,1,1,1.0,1,2,515.0,501.0,True
1,2375.0,12.0,2,8.0,4.0,2085.0,0,0,0.0,0,1,80.0,1.0,False
1,1867.0,5.0,2,11.0,4.0,375.0,1,1,2.0,0,2,0.0,39.0,False
1,3033.0,5.0,2,2.0,8.0,85.0,0,0,0.0,1,1,252.0,1.0,False
0,1975.0,75.0,2,8.0,4.0,795.0,1,1,5.0,1,2,140.0,6.0,False
1,2617.0,835.0,2,13.0,4.0,1165.0,0,0,0.0,0,2,100.0,1.0,False
1,2875.0,15.0,1,8.0,4.0,15.0,1,0,0.0,1,2,0.0,226.0,False
1,2867.0,9335.0,2,11.0,8.0,5665.0,1,1,6.0,0,2,381.0,169.0,True
1,26.0,1.0,2,11.0,4.0,175.0,1,0,0.0,1,2,280.0,1.0,True
1,235.0,3165.0,1,4.0,4.0,415.0,0,1,1.0,1,2,280.0,81.0,False
1,2633.0,13.0,2,10.0,2.0,0.0,0,0,0.0,1,2,140.0,1111.0,False
1,5433.0,675.0,2,8.0,8.0,2625.0,1,1,11.0,1,2,0.0,285.0,True
1,3157.0,375.0,2,2.0,4.0,875.0,1,0,0.0,1,1,928.0,1.0,False
0,2525.0,125.0,2,2.0,4.0,1.0,0,0,0.0,1,2,180.0,1063.0,False
1,3317.0,3165.0,1,14.0,4.0,3165.0,1,1,3.0,1,2,380.0,1.0,True
1,395.0,1625.0,2,8.0,4.0,15.0,0,0,0.0,0,2,0.0,317.0,False
0,1767.0,0.0,1,5.0,1.0,0.0,0,0,0.0,0,2,86.0,1.0,False
1,2392.0,665.0,2,8.0,4.0,165.0,0,0,0.0,0,2,100.0,1.0,True
1,2667.0,271.0,1,13.0,4.0,525.0,1,1,1.0,0,2,211.0,1.0,True
0,225.0,415.0,2,3.0,4.0,335.0,0,0,0.0,1,1,144.0,1.0,False
1,3992.0,54.0,1,6.0,4.0,5.0,1,1,3.0,0,2,200.0,1001.0,True
0,2608.0,8665.0,2,6.0,4.0,1415.0,1,0,0.0,0,2,160.0,151.0,True
1,20.0,0.0,2,2.0,4.0,5.0,0,0,0.0,0,2,144.0,1.0,False
1,3157.0,4.0,1,3.0,4.0,85.0,0,0,0.0,1,2,411.0,1.0,False
1,2675.0,45.0,1,8.0,5.0,25.0,0,0,0.0,0,2,200.0,1211.0,False
0,2492.0,125.0,2,1.0,1.0,0.0,1,0,0.0,0,2,80.0,1.0,False
0,3225.0,15.0,2,8.0,4.0,25.0,0,0,0.0,1,2,372.0,123.0,False
1,1767.0,446.0,2,8.0,4.0,25.0,0,0,0.0,0,1,80.0,1.0,False
0,3775.0,55.0,2,11.0,4.0,125.0,1,0,0.0,1,2,228.0,1.0,True
1,2267.0,254.0,1,8.0,8.0,2585.0,1,0,0.0,0,2,0.0,1.0,True
0,1792.0,1021.0,2,1.0,1.0,0.0,0,0,0.0,0,2,0.0,51.0,False
1,2442.0,12335.0,2,11.0,8.0,1585.0,1,0,0.0,1,2,120.0,1.0,True
0,2575.0,5.0,2,8.0,8.0,875.0,1,0,0.0,1,2,491.0,1.0,True
1,2617.0,125.0,1,4.0,8.0,125.0,0,0,0.0,1,2,0.0,18.0,False
0,2275.0,6165.0,2,6.0,4.0,165.0,0,0,0.0,0,2,220.0,1001.0,False
1,23.0,75.0,2,7.0,4.0,5.0,1,0,0.0,1,1,320.0,1.0,False
1,2567.0,29.0,1,8.0,4.0,15.0,0,0,0.0,1,2,160.0,1.0,False
1,4858.0,205.0,1,4.0,4.0,25.0,1,1,11.0,0,2,380.0,2733.0,True
1,2117.0,0.0,2,8.0,4.0,5.0,0,0,0.0,1,1,0.0,1.0,False
1,3525.0,165.0,1,8.0,4.0,4.0,1,0,0.0,0,2,80.0,1.0,False
0,2292.0,11585.0,2,13.0,4.0,4.0,1,0,0.0,0,2,80.0,1350.0,True
0,4817.0,1335.0,2,3.0,7.0,335.0,0,0,0.0,0,2,0.0,121.0,False
1,43.0,29.0,1,13.0,8.0,175.0,1,1,8.0,0,2,100.0,376.0,True
1,3157.0,105.0,2,14.0,4.0,65.0,1,0,0.0,0,2,0.0,1.0,True
1,2067.0,415.0,2,8.0,4.0,125.0,0,0,0.0,0,2,0.0,45.0,False
0,1883.0,954.0,2,6.0,4.0,85.0,1,0,0.0,0,2,100.0,1.0,True
0,2742.0,145.0,2,14.0,8.0,3085.0,1,1,1.0,0,2,120.0,12.0,True
1,41.0,4.0,2,10.0,4.0,4.0,0,1,1.0,0,1,560.0,1.0,True
