<?xml version="1.0" encoding="UTF-8"?>
<values>
Support	antecedent_support	consequent_support	Confidence	Lift	Conv	CF	NetConf	YulesQ	nAttributes
0.08	0.08	0.09	0.99	11.88	48.63	0.98	0.98	1.0	2
0.58	0.58	0.58	1.0	1.75	Infinity	1.0	1.01	1.0	2
0.58	0.58	0.58	1.0	1.75	Infinity	1.0	1.01	1.0	2
0.01	0.01	0.01	1.0	690.0	Infinity	1.0	1.0	1.0	2
0.01	0.01	0.01	1.0	690.0	Infinity	1.0	1.0	1.0	2
0.01	0.01	0.01	1.0	690.0	Infinity	1.0	1.0	1.0	2
0.01	0.01	0.01	1.0	690.0	Infinity	1.0	1.0	1.0	2
0.01	0.01	0.01	1.0	690.0	Infinity	1.0	1.0	1.0	2
0.01	0.01	0.01	1.0	690.0	Infinity	1.0	1.0	1.0	2
0.01	0.02	0.02	0.5	43.13	1.98	0.5	0.5	0.99	2
0.01	0.02	0.01	0.38	86.25	1.6	0.38	0.38	1.0	2
0.01	0.01	0.01	1.0	690.0	Infinity	1.0	1.0	1.0	2
0.43	0.43	0.43	1.0	2.34	84.87	0.99	1.0	1.0	2
0.01	0.01	0.01	1.0	690.0	Infinity	1.0	1.0	1.0	2
0.01	0.01	0.01	1.0	690.0	Infinity	1.0	1.0	1.0	2
0.01	0.02	0.02	0.47	39.81	1.84	0.46	0.46	1.0	2
0.01	0.01	0.01	1.0	690.0	Infinity	1.0	1.0	1.0	2
0.01	0.01	0.01	1.0	690.0	Infinity	1.0	1.0	1.0	2
0.01	0.01	0.01	1.0	690.0	Infinity	1.0	1.0	1.0	2
0.01	0.01	0.01	1.0	690.0	Infinity	1.0	1.0	1.0	2
0.01	0.01	0.01	1.0	690.0	Infinity	1.0	1.0	1.0	2
0.01	0.01	0.01	1.0	690.0	Infinity	1.0	1.0	1.0	2
0.01	0.01	0.01	1.0	690.0	Infinity	1.0	1.0	1.0	2
0.01	0.01	0.01	1.0	690.0	Infinity	1.0	1.0	1.0	2
0.08	0.08	0.09	1.0	12.11	Infinity	1.0	0.99	1.0	3
0.36	0.43	0.36	0.83	2.35	3.78	0.74	0.83	1.0	3
0.12	0.13	0.32	0.92	2.94	8.44	0.89	0.7	0.95	3
0.09	0.1	0.24	0.9	3.89	7.37	0.87	0.74	0.96	3
0.12	0.13	0.29	0.91	3.13	7.64	0.87	0.71	0.95	3
0.11	0.13	0.24	0.85	3.69	5.1	0.81	0.71	0.95	3
0.07	0.08	0.08	0.94	12.23	15.08	0.94	0.93	1.0	3
0.04	0.04	0.08	0.96	12.48	22.16	0.96	0.92	1.0	3
0.05	0.06	0.08	0.95	12.3	16.62	0.94	0.92	1.0	3
0.03	0.03	0.08	1.0	13.02	Infinity	1.0	0.95	1.0	3
0.23	0.34	0.25	0.69	2.82	2.4	0.59	0.66	0.98	3
0.22	0.31	0.25	0.7	2.85	2.48	0.6	0.65	0.96	3
0.01	0.01	0.02	1.0	86.25	Infinity	1.0	1.0	1.0	3
0.01	0.01	0.01	0.67	230.0	3.0	0.67	0.67	1.0	3
0.01	0.01	0.01	0.5	115.0	2.0	0.5	0.5	1.0	3
0.01	0.01	0.02	1.0	86.25	Infinity	1.0	1.0	1.0	3
0.01	0.01	0.01	0.5	115.0	2.0	0.5	0.5	1.0	3
0.26	0.31	0.35	0.86	2.51	4.57	0.79	0.74	0.96	3
0.01	0.02	0.02	0.86	73.93	6.92	0.86	0.86	1.0	3
0.27	0.34	0.32	0.82	2.57	3.63	0.73	0.74	0.97	3
0.11	0.13	0.26	0.88	3.4	5.82	0.83	0.71	0.95	3
0.12	0.13	0.29	0.92	3.17	8.63	0.89	0.72	0.96	4
0.09	0.1	0.24	0.91	3.94	8.34	0.89	0.75	0.97	4
0.07	0.07	0.08	0.96	12.45	20.78	0.96	0.95	1.0	4
0.06	0.06	0.08	0.98	12.68	35.09	0.98	0.95	1.0	4
0.18	0.26	0.25	0.71	2.88	2.53	0.61	0.62	0.93	4
0.22	0.3	0.25	0.71	2.88	2.53	0.61	0.66	0.96	4
0.01	0.01	0.01	0.6	138.0	2.49	0.6	0.6	1.0	4
0.07	0.07	0.08	0.96	12.45	20.78	0.96	0.95	1.0	4
0.02	0.02	0.08	1.0	13.02	Infinity	1.0	0.94	1.0	4
0.01	0.01	0.02	1.0	86.25	Infinity	1.0	1.0	1.0	4
0.03	0.03	0.08	1.0	13.02	Infinity	1.0	0.95	1.0	4
0.24	0.28	0.32	0.84	2.65	4.13	0.76	0.72	0.95	4
0.18	0.22	0.32	0.84	2.66	4.22	0.77	0.67	0.93	4
0.26	0.32	0.32	0.83	2.61	3.89	0.75	0.74	0.97	4
0.01	0.01	0.02	1.0	86.25	Infinity	1.0	1.0	1.0	4
0.03	0.03	0.08	1.0	13.02	Infinity	1.0	0.96	1.0	5
0.03	0.03	0.08	1.0	13.02	Infinity	1.0	0.95	1.0	5
0.17	0.24	0.25	0.72	2.92	2.62	0.62	0.61	0.92	5
0.21	0.3	0.25	0.71	2.91	2.58	0.62	0.66	0.96	5
0.19	0.27	0.24	0.7	2.92	2.48	0.6	0.63	0.94	5
0.01	0.01	0.01	1.0	172.5	Infinity	1.0	1.0	1.0	5
0.01	0.01	0.01	1.0	172.5	Infinity	1.0	1.0	1.0	5
0.22	0.26	0.32	0.85	2.67	4.35	0.78	0.71	0.95	5
0.23	0.27	0.32	0.85	2.67	4.32	0.77	0.72	0.95	5
0.11	0.13	0.26	0.89	3.44	6.32	0.85	0.72	0.95	5
0.03	0.03	0.08	1.0	13.02	Infinity	1.0	0.95	1.0	6
0.01	0.01	0.01	1.0	345.0	Infinity	1.0	1.0	1.0	6
0.07	0.07	0.08	0.96	12.46	21.24	0.96	0.95	1.0	6
0.21	0.25	0.32	0.86	2.7	4.6	0.79	0.71	0.95	6
</values>
